9.933,30,298,41
B0,mixamorig_Hips,-1,0.9997879862785339,-0.020445000380277634,0.002314999932423234,0,0.02049900032579899,0.9994369745254517,-0.026548000052571297,0,-0.0017709999810904264,0.026590000838041306,0.9996449947357178,0,0.011726999655365944,11.895179748535156,0.17966899275779724,1
B1,mixamorig_Spine,0,0.9999949932098389,0.002104999963194132,0.0023449999280273914,0,-0.001765000051818788,0.9906309843063354,-0.13655699789524078,0,-0.0026100000832229853,0.13655200600624084,0.9906290173530579,0,0,1.1871720552444458,-0.18419000506401062,1
B2,mixamorig_Spine1,1,0.9990609884262085,-0.004875999875366688,0.04303999990224838,0,0.004110000096261501,0.9998319745063782,0.017851000651717186,0,-0.04312000051140785,-0.017657000571489334,0.9989140033721924,0,0,1.4016029834747314,0,1
B3,mixamorig_Spine2,2,0.9990620017051697,-0.004118000157177448,0.04310699924826622,0,0.0033569999504834414,0.9998369812965393,0.017728999257087708,0,-0.04317300021648407,-0.01756799966096878,0.9989129900932312,0,0,1.6018329858779907,0,1
B4,mixamorig_Neck,3,0.9995719790458679,-0.023148000240325928,-0.017906999215483665,0,0.02490900084376335,0.9941269755363464,0.1053130030632019,0,0.015363999642431736,-0.10571400076150894,0.9942780137062073,0,0,1.8020609617233276,0,1
B5,mixamorig_Head,4,0.9975690245628357,0.06154999881982803,0.032680999487638474,0,-0.06441300362348557,0.9933639764785767,0.09528700262308121,0,-0.026599999517202377,-0.09715999662876129,0.9949129819869995,0,0,0.876151978969574,0.3483310043811798,1
B6,mixamorig_HeadTop_End,5,1,0,0,0,0,1,0,0,0,0,1,0,0,2.8381810188293457,1.1283719539642334,1
B7,mixamorig_LeftShoulder,3,-0.1404000073671341,-0.016388000920414925,-0.9899590015411377,0,0.9781360030174255,-0.15723299980163574,-0.13612000644207,0,-0.1534239947795868,-0.9874259829521179,0.03810499981045723,0,0.6684079766273499,1.4949359893798828,-0.03617100045084953,1
B8,mixamorig_LeftArm,7,0.8500279784202576,0.44695401191711426,-0.2787199914455414,0,0.07496900111436844,0.4210990071296692,0.9039109945297241,0,0.5213750004768372,-0.7892450094223022,0.3244380056858063,0,0,1.5037169456481934,0,1
B9,mixamorig_LeftForeArm,8,0.872704029083252,0.4869000017642975,-0.03627200052142143,0,-0.48793599009513855,0.8723959922790527,-0.029054999351501465,0,0.017496999353170395,0.04305500164628029,0.9989190101623535,0,0,3.3016510009765625,0,1
B10,mixamorig_LeftHand,9,0.6347479820251465,0.004197999835014343,-0.772707998752594,0,0.2562580108642578,0.942251980304718,0.21562400460243225,0,0.7289900183677673,-0.334879994392395,0.5970169901847839,0,0,2.7329390048980713,0,1
B11,mixamorig_LeftHandThumb1,10,0.9225080013275146,0.302033007144928,0.24032099545001984,0,-0.302359014749527,0.9524970054626465,-0.03643900156021118,0,-0.2399110049009323,-0.0390469990670681,0.9700090289115906,0,-0.31367599964141846,0.46373501420021057,0,1
B12,mixamorig_LeftHandThumb2,11,0.9980949759483337,-0.0419979989528656,-0.04519899934530258,0,0.050200000405311584,0.9786779880523682,0.19916999340057373,0,0.0358709990978241,-0.2010599970817566,0.9789220094680786,0,-0.06563899666070938,0.4430510103702545,0,1
B13,mixamorig_LeftHandThumb3,12,0.9968580007553101,0.07878000289201736,0.00822100043296814,0,-0.07874699681997299,0.9968860149383545,-0.004172000102698803,0,-0.008523999713361263,0.003510999958962202,0.9999579787254333,0,0.0031789999920874834,0.48552098870277405,0,1
B14,mixamorig_LeftHandThumb4,13,1,0,0,0,0,1,0,0,0,0,1,0,0.062460001558065414,0.4080809950828552,0,1
B15,mixamorig_LeftHandIndex1,10,0.9353479743003845,0.3529439866542816,0.02355000004172325,0,-0.34736600518226624,0.9039160013198853,0.24954399466514587,0,0.06678800284862518,-0.24159100651741028,0.9680770039558411,0,0,0.9771119952201843,0,1
B16,mixamorig_LeftHandIndex2,15,0.9598600268363953,0.2708419859409332,0.07289600372314453,0,-0.27567601203918457,0.8630989789962769,0.42315900325775146,0,0.05169299989938736,-0.426268994808197,0.9031180143356323,0,0.05210400000214577,0.5617660284042358,0,1
B17,mixamorig_LeftHandIndex3,16,0.9752569794654846,0.2206529974937439,0.013656999915838242,0,-0.21831800043582916,0.9515259861946106,0.21664400398731232,0,0.034807998687028885,-0.21426500380039215,0.9761549830436707,0,-0.029978999868035316,0.5294229984283447,0,1
B18,mixamorig_LeftHandIndex4,17,1,0,0,0,0,1,0,0,0,0,1,0,-0.02212500013411045,0.491921991109848,0,1
B19,mixamorig_RightShoulder,3,0.008667999878525734,0.002230999991297722,0.9999600052833557,0,-0.994268000125885,-0.10655300319194794,0.008856000378727913,0,0.10656800121068954,-0.9943050146102905,0.001294999965466559,0,-0.6684079766273499,1.4984140396118164,-0.058591000735759735,1
B20,mixamorig_RightArm,19,0.8491889834403992,-0.487976998090744,0.20188400149345398,0,-0.020448999479413033,0.35161998867988586,0.9359189867973328,0,-0.527692973613739,-0.7989000082015991,0.2886140048503876,0,0,1.5037169456481934,0,1
B21,mixamorig_RightForeArm,20,0.8904510140419006,-0.4539009928703308,0.03273800015449524,0,0.4546140134334564,0.8904880285263062,-0.018902000039815903,0,-0.020573999732732773,0.03171499818563461,0.9992849826812744,0,0,3.307734966278076,0,1
B22,mixamorig_RightHand,21,0.6932780146598816,0.15483200550079346,0.7038419842720032,0,-0.2561360001564026,0.9658200144767761,0.03982999920845032,0,-0.6736170053482056,-0.20789200067520142,0.7092400193214417,0,0,2.741194009780884,0,1
B23,mixamorig_RightHandThumb1,22,0.9877189993858337,-0.15514899790287018,0.018428999930620193,0,0.14887399971485138,0.9703739881515503,0.19029200077056885,0,-0.04740700125694275,-0.18521100282669067,0.9815549850463867,0,0.31780698895454407,0.5204169750213623,0,1
B24,mixamorig_RightHandThumb2,23,0.9855870008468628,-0.1555510014295578,0.06649500131607056,0,0.1523129940032959,0.9869999885559082,0.051298998296260834,0,-0.07361000031232834,-0.04043100029230118,0.9964669942855835,0,0.08337199687957764,0.4806489944458008,0,1
B25,mixamorig_RightHandThumb3,24,0.9637399911880493,-0.26681599020957947,0.00381199992261827,0,0.2665500044822693,0.961912989616394,-0.06061699986457825,0,0.012507000006735325,0.05943499878048897,0.9981539845466614,0,0.015426999889314175,0.47726699709892273,0,1
B26,mixamorig_RightHandThumb4,25,1,0,0,0,0,1,0,0,0,0,1,0,-0.09879899770021439,0.36491599678993225,0,1
B27,mixamorig_RightHandIndex1,22,0.9804630279541016,-0.19443100690841675,0.029808999970555305,0,0.18509800732135773,0.9632440209388733,0.19467699527740479,0,-0.06656400114297867,-0.185356006026268,0.9804139733314514,0,0,1.004459023475647,0,1
B28,mixamorig_RightHandIndex2,27,0.9430480003356934,-0.32061800360679626,-0.08868099749088287,0,0.3262700140476227,0.8394849896430969,0.4345250129699707,0,-0.06486999988555908,-0.4387120008468628,0.896282970905304,0,-0.05621400102972984,0.588358998298645,0,1
B29,mixamorig_RightHandIndex3,28,0.9942700266838074,-0.10690200328826904,0.000029999999242136255,0,0.10639700293540955,0.9895979762077332,0.09682799875736237,0,-0.010381000116467476,-0.09627000242471695,0.9953010082244873,0,0.03230699896812439,0.5530980229377747,0,1
B30,mixamorig_RightHandIndex4,29,1,0,0,0,0,1,0,0,0,0,1,0,0.02390800043940544,0.4435960054397583,0,1
B31,mixamorig_LeftUpLeg,0,-0.995980978012085,-0.04764600098133087,0.07584600150585175,0,0.05998300015926361,-0.9836609959602356,0.16974599659442902,0,0.06651899963617325,0.17361299693584442,0.9825649857521057,0,1.0144129991531372,-0.6594070196151733,-0.17839199304580688,1
B32,mixamorig_LeftLeg,31,0.9869930148124695,0.05874300003051758,0.14964799582958221,0,0.014201000332832336,0.8953539729118347,-0.44512900710105896,0,-0.16013599932193756,0.44146499037742615,0.882872998714447,0,0,5.199635982513428,0,1
B33,mixamorig_LeftFoot,32,0.995481014251709,-0.00481100007891655,0.0948370024561882,0,-0.08588500320911407,0.38043299317359924,0.9208120107650757,0,-0.040509000420570374,-0.9247959852218628,0.3783009946346283,0,0,5.087769031524658,0,1
B34,mixamorig_LeftToeBase,33,0.9827809929847717,-0.0012570000253617764,0.18476900458335876,0,-0.10663600265979767,0.8127830028533936,0.5727239847183228,0,-0.15089699625968933,-0.5825650095939636,0.7986540198326111,0,0,1.9792859554290771,0,1
B35,mixamorig_LeftToe_End,34,1,0,0,0,0,1,0,0,0,0,1,0,0,0.7514510154724121,0,1
B36,mixamorig_RightUpLeg,0,-0.9668359756469727,0.07806999981403351,-0.2431730031967163,0,-0.11781000345945358,-0.9811130166053772,0.15342199802398682,0,-0.2266020029783249,0.17698299884796143,0.957772970199585,0,-1.0144129991531372,-0.6594070196151733,-0.1146169975399971,1
B37,mixamorig_RightLeg,36,0.9972440004348755,-0.02925500087440014,-0.06818000227212906,0,0.0010519999777898192,0.9244570136070251,-0.3812839984893799,0,0.07418400049209595,0.38016200065612793,0.92194002866745,0,0,5.200582981109619,0,1
B38,mixamorig_RightFoot,37,0.9918980002403259,0.0532739982008934,-0.11532600224018097,0,0.07811900228261948,0.46009400486946106,0.884427011013031,0,0.10017800331115723,-0.8862699866294861,0.45220500230789185,0,0,5.092588901519775,0,1
B39,mixamorig_RightToeBase,38,0.9825199842453003,0,-0.18615500628948212,0,0.1069990023970604,0.8183029890060425,0.564740002155304,0,0.15233099460601807,-0.5747870206832886,0.8039990067481995,0,0,1.9834200143814087,0,1
B40,mixamorig_RightToe_End,39,1,0,0,0,0,1,0,0,0,0,1,0,0,0.7490540146827698,0,1
@34,0,1,2,3,4,5,7,8,9,10,11,12,13,15,16,17,19,20,21,22,23,24,25,27,28,29,31,32,33,34,36,37,38,39
K0.000,0.9997879862785339,-0.020444853231310844,0.0023150367196649313,0,0.020499147474765778,0.9994369745254517,-0.026548074558377266,0,-0.0017709631938487291,0.026589924469590187,0.9996449947357178,0,0.011726999655365944,11.895179748535156,0.17966899275779724,1,0.9999949932098389,0.0021049529314041138,0.002344761975109577,0,-0.0017650468507781625,0.9906309843063354,-0.1365569680929184,0,-0.0026102380361407995,0.13655203580856323,0.9906290173530579,0,0,1.1871720552444458,-0.18419000506401062,1,0.9990609884262085,-0.004875630140304565,0.04304007813334465,0,0.004110369831323624,0.9998319745063782,0.017850829288363457,0,-0.04311991482973099,-0.017657170072197914,0.9989140033721924,0,0,1.4016029834747314,0,1,0.9990620017051697,-0.004118386656045914,0.04310700669884682,0,0.0033566129859536886,0.9998369812965393,0.01772916130721569,0,-0.04317300021648407,-0.017567839473485947,0.998913049697876,0,0,1.6018329858779907,0,1,0.9995720386505127,-0.023148225620388985,-0.01790698803961277,0,0.024908775463700294,0.9941269755363464,0.1053130254149437,0,0.015364009886980057,-0.10571398586034775,0.9942780137062073,0,0,1.8020609617233276,0,1,0.9975690245628357,0.061550382524728775,0.0326814167201519,0,-0.06441263109445572,0.9933640360832214,0.09528681635856628,0,-0.0265995841473341,-0.09716019034385681,0.9949129819869995,0,0,0.876151978969574,0.3483310043811798,1,-0.1403995007276535,-0.016387896612286568,-0.9899590611457825,0,0.9781360030174255,-0.15723322331905365,-0.13611987233161926,0,-0.15342380106449127,-0.9874259829521179,0.03810508921742439,0,0.6684079766273499,1.4949359893798828,-0.03617100045084953,1,0.8500279784202576,0.4469541907310486,-0.2787196636199951,0,0.07496919482946396,0.42109882831573486,0.9039109945297241,0,0.5213752388954163,-0.7892449498176575,0.3244379162788391,0,0,1.5037169456481934,0,1,0.8727039694786072,0.48690012097358704,-0.03627219423651695,0,-0.4879359304904938,0.8723959922790527,-0.029055053368210793,0,0.017496803775429726,0.04305494204163551,0.9989190101623535,0,0,3.3016510009765625,0,1,0.6347482800483704,0.00419784476980567,-0.7727077603340149,0,0.2562578618526459,0.942251980304718,0.21562443673610687,0,0.7289901971817017,-0.3348795473575592,0.5970168709754944,0,0,2.7329390048980713,0,1,0.9225080013275146,0.30203312635421753,0.24032095074653625,0,-0.30235886573791504,0.9524970054626465,-0.03643948212265968,0,-0.2399110496044159,-0.0390474833548069,0.9700090289115906,0,-0.31367599964141846,0.46373501420021057,0,1,0.9980950355529785,-0.0419977605342865,-0.04519921913743019,0,0.050200242549180984,0.9786779284477234,0.19917015731334686,0,0.035870783030986786,-0.20105981826782227,0.9789221286773682,0,-0.06563899666070938,0.4430510103702545,0,1,0.9968580603599548,0.07877960056066513,0.00822097435593605,0,-0.07874739915132523,0.9968860149383545,-0.004171743057668209,0,-0.008524025790393353,0.003511257003992796,0.9999579787254333,0,0.0031789999920874834,0.48552098870277405,0,1,0.9353480339050293,0.3529438078403473,0.023549897596240044,0,-0.34736618399620056,0.9039159417152405,0.24954400956630707,0,0.06678789108991623,-0.24159099161624908,0.9680770039558411,0,0,0.9771119952201843,0,1,0.9598599672317505,0.27084216475486755,0.07289592176675797,0,-0.27567583322525024,0.8630989789962769,0.4231591522693634,0,0.05169291794300079,-0.4262688457965851,0.9031180739402771,0,0.05210400000214577,0.5617660284042358,0,1,0.9752569794654846,0.22065319120883942,0.013657093048095703,0,-0.21831782162189484,0.9515259861946106,0.21664391458034515,0,0.034808091819286346,-0.21426507830619812,0.9761549830436707,0,-0.029978999868035316,0.5294229984283447,0,1,0.008667969144880772,0.0022307615727186203,0.9999600648880005,0,-0.9942679405212402,-0.10655276477336884,0.00885632261633873,0,0.10656827688217163,-0.9943050146102905,0.0012943873880431056,0,-0.6684079766273499,1.4984140396118164,-0.058591000735759735,1,0.8491892218589783,-0.487976610660553,0.2018841803073883,0,-0.02044857293367386,0.3516203463077545,0.9359188675880432,0,-0.5276929140090942,-0.7989001870155334,0.2886136770248413,0,0,1.5037169456481934,0,1,0.890451192855835,-0.45390066504478455,0.032738491892814636,0,0.4546143114566803,0.890487790107727,-0.018902171403169632,0,-0.020573507994413376,0.031714826822280884,0.9992850422859192,0,0,3.307734966278076,0,1,0.6932783126831055,0.1548319160938263,0.7038418054580688,0,-0.25613608956336975,0.9658200740814209,0.03982973098754883,0,-0.6736173033714294,-0.2078922688961029,0.7092397809028625,0,0,2.741194009780884,0,1,0.9877189993858337,-0.15514902770519257,0.018429188057780266,0,0.14887398481369019,0.9703740477561951,0.19029177725315094,0,-0.04740681126713753,-0.18521124124526978,0.9815549254417419,0,0.31780698895454407,0.5204169750213623,0,1,0.9855870008468628,-0.1555509865283966,0.06649492681026459,0,0.1523130089044571,0.9869999885559082,0.05129870027303696,0,-0.07361007481813431,-0.040431294590234756,0.9964669346809387,0,0.08337199687957764,0.4806489944458008,0,1,0.9637399315834045,-0.26681602001190186,0.003811879549175501,0,0.2665499746799469,0.961912989616394,-0.06061695143580437,0,0.0125068798661232,0.05943504348397255,0.9981539249420166,0,0.015426999889314175,0.47726699709892273,0,1,0.9804630279541016,-0.1944311559200287,0.029808692634105682,0,0.1850978434085846,0.9632440209388733,0.1946769505739212,0,-0.06656431406736374,-0.1853560358285904,0.9804139137268066,0,0,1.004459023475647,0,1,0.9430479407310486,-0.3206180930137634,-0.08868111670017242,0,0.3262699544429779,0.8394849896430969,0.4345250129699707,0,-0.06487011909484863,-0.4387120306491852,0.8962829113006592,0,-0.05621400102972984,0.588358998298645,0,1,0.9942700266838074,-0.10690212994813919,0.00003009785541507881,0,0.1063968762755394,0.9895980358123779,0.09682805091142654,0,-0.010380902327597141,-0.09626995027065277,0.9953010082244873,0,0.03230699896812439,0.5530980229377747,0,1,-0.9959809184074402,-0.0476459339261055,0.07584599405527115,0,0.05998307093977928,-0.9836609363555908,0.16974592208862305,0,0.06651899963617325,0.1736130565404892,0.9825649857521057,0,1.0144129991531372,-0.6594070196151733,-0.17839199304580688,1,0.9869930148124695,0.05874333158135414,0.14964789152145386,0,0.014201333746314049,0.8953537940979004,-0.4451294243335724,0,-0.16013610363006592,0.4414645731449127,0.8828731775283813,0,0,5.199635982513428,0,1,0.995481014251709,-0.004810886457562447,0.09483695775270462,0,-0.08588489145040512,0.3804331421852112,0.9208120107650757,0,-0.040509048849344254,-0.9247961044311523,0.37830084562301636,0,0,5.087769031524658,0,1,0.9827809929847717,-0.0012570340186357498,0.18476895987987518,0,-0.10663604736328125,0.8127831816673279,0.5727238059043884,0,-0.1508970409631729,-0.582565188407898,0.7986539602279663,0,0,1.9792859554290771,0,1,-0.9668360948562622,0.07806965708732605,-0.24317272007465363,0,-0.11781034618616104,-0.9811128973960876,0.15342240035533905,0,-0.22660230100154877,0.17698261141777039,0.957772970199585,0,-1.0144129991531372,-0.6594070196151733,-0.1146169975399971,1,0.9972440004348755,-0.029255041852593422,-0.06818001717329025,0,0.0010519601637497544,0.9244568943977356,-0.381284236907959,0,0.07418399304151535,0.3801617920398712,0.9219401478767395,0,0,5.200582981109619,0,1,0.9918980002403259,0.05327421426773071,-0.11532604694366455,0,0.07811921834945679,0.46009424328804016,0.8844268918037415,0,0.10017796605825424,-0.8862701654434204,0.4522046744823456,0,0,5.092588901519775,0,1,0.9825199842453003,2.4159808731383237e-7,-0.1861548125743866,0,0.1069992408156395,0.8183028697967529,0.5647401213645935,0,0.1523311734199524,-0.5747869610786438,0.8039990067481995,0,0,1.9834200143814087,0,1
K0.033,0.9997478127479553,-0.0222927276045084,0.0026349746622145176,0,0.022355692461133003,0.9993868470191956,-0.02694450132548809,0,-0.002032694173976779,0.026996633037924767,0.9996339082717896,0,0.0336083360016346,11.89028549194336,0.17525793612003326,1,0.9999960064888,0.0020760041661560535,0.0020902473479509354,0,-0.0017726784572005272,0.9907203316688538,-0.13590170443058014,0,-0.002352983457967639,0.13589748740196228,0.9907202124595642,0,0,1.1871720552444458,-0.18419000506401062,1,0.9990770816802979,-0.005086733028292656,0.04265950620174408,0,0.004275736398994923,0.9998089075088501,0.019080637022852898,0,-0.04274837300181389,-0.018880611285567284,0.9989070296287537,0,0,1.4016029834747314,0,1,0.9990770816802979,-0.0043047270737588406,0.04273161292076111,0,0.0034965930972248316,0.9998139142990112,0.018968626856803894,0,-0.04280531033873558,-0.018801702186465263,0.9989060163497925,0,0,1.6018329858779907,0,1,0.9995980858802795,-0.02232084423303604,-0.01745142787694931,0,0.0240461528301239,0.9940897822380066,0.10586915165185928,0,0.014985191635787487,-0.1062462106347084,0.9942266941070557,0,0,1.8020609617233276,0,1,0.997509777545929,0.06233866140246391,0.03297170624136925,0,-0.06520447880029678,0.9933878779411316,0.09449426084756851,0,-0.02686304971575737,-0.09640886634588242,0.9949790239334106,0,0,0.876151978969574,0.3483310043811798,1,-0.13784159719944,-0.016192372888326645,-0.9903215765953064,0,0.9785908460617065,-0.15651588141918182,-0.13364972174167633,0,-0.15283700823783875,-0.9875422716140747,0.037420161068439484,0,0.6684079766273499,1.4949359893798828,-0.03617100045084953,1,0.8492315411567688,0.44916337728500366,-0.27759262919425964,0,0.07366456091403961,0.41979917883872986,0.9046230912208557,0,0.5228566527366638,-0.7886832356452942,0.3234192728996277,0,0,1.5037169456481934,0,1,0.8728918433189392,0.4865665137767792,-0.036243077367544174,0,-0.48760050535202026,0.87258380651474,-0.029038861393928528,0,0.01749577932059765,0.043019913136959076,0.9989210367202759,0,0,3.3016510009765625,0,1,0.6339815258979797,0.004824105650186539,-0.7733328938484192,0,0.2562897801399231,0.9421609044075012,0.21598471701145172,0,0.7296459078788757,-0.3351276218891144,0.5960761904716492,0,0,2.7329390048980713,0,1,0.9225620627403259,0.30185258388519287,0.24034109711647034,0,-0.30217015743255615,0.9525572657585144,-0.03645291179418564,0,-0.2399420589208603,-0.03899382799863815,0.9700040221214294,0,-0.31367599964141846,0.46373501420021057,0,1,0.9981050491333008,-0.04192766919732094,-0.04504029452800751,0,0.05009371414780617,0.9787161350250244,0.19901075959205627,0,0.035737622529268265,-0.2008899599313736,0.978962242603302,0,-0.06563899666070938,0.4430510103702545,0,1,0.9968549609184265,0.078813336789608,0.00822416041046381,0,-0.07878118753433228,0.9968829154968262,-0.004165146499872208,0,-0.00852680392563343,0.0035041426308453083,0.9999579787254333,0,0.0031789999920874834,0.48552098870277405,0,1,0.9349295496940613,0.3540186882019043,0.024042850360274315,0,-0.3484291434288025,0.9031274914741516,0.2509136497974396,0,0.06711433827877045,-0.2429637461900711,0.9677107334136963,0,0,0.9771119952201843,0,1,0.960507869720459,0.2687649428844452,0.07203318178653717,0,-0.27355605363845825,0.8647573590278625,0.42114347219467163,0,0.05089739337563515,-0.4242169260978699,0.9041289687156677,0,0.05210400000214577,0.5617660284042358,0,1,0.9755096435546875,0.21954496204853058,0.013460436835885048,0,-0.2172352522611618,0.9520347118377686,0.21549521386623383,0,0.03449607640504837,-0.21314169466495514,0.976411759853363,0,-0.029978999868035316,0.5294229984283447,0,1,0.012452611699700356,0.001339412061497569,0.999921977519989,0,-0.9938773512840271,-0.1097744032740593,0.012524431571364403,0,0.10978251695632935,-0.9939554333686829,-0.0000358249744749628,0,-0.6684079766273499,1.4984140396118164,-0.058591000735759735,1,0.8484761714935303,-0.48910441994667053,0.2021496742963791,0,-0.0192891713231802,0.35313355922698975,0.9353741407394409,0,-0.5288813710212708,-0.7975417375564575,0.2901909351348877,0,0,1.5037169456481934,0,1,0.889974057674408,-0.45482879877090454,0.0328080989420414,0,0.455545574426651,0.890011191368103,-0.01892915368080139,0,-0.020590046420693398,0.03179203346371651,0.9992820024490356,0,0,3.307734966278076,0,1,0.6935526132583618,0.15524961054325104,0.7034783363342285,0,-0.2554815411567688,0.9660400152206421,0.03868287429213524,0,-0.6735824346542358,-0.20655424892902374,0.7096626162528992,0,0,2.741194009780884,0,1,0.9879796504974365,-0.15345507860183716,0.018655654042959213,0,0.14723394811153412,0.9708932042121887,0.18891611695289612,0,-0.04710278660058975,-0.18389852344989777,0.9818164706230164,0,0.31780698895454407,0.5204169750213623,0,1,0.9855148196220398,-0.15634018182754517,0.06571412086486816,0,0.15318115055561066,0.9868987798690796,0.05066853016614914,0,-0.07277467846870422,-0.03986840322613716,0.9965512156486511,0,0.08337199687957764,0.4806489944458008,0,1,0.9637249708175659,-0.26687002182006836,0.0037919804453849792,0,0.2666032314300537,0.9619008898735046,-0.06056699901819229,0,0.012516016140580177,0.05938092619180679,0.9981570243835449,0,0.015426999889314175,0.47726699709892273,0,1,0.9802289605140686,-0.1956292986869812,0.029675863683223724,0,0.1863037794828415,0.9630241394042969,0.1946154087781906,0,-0.06665101647377014,-0.18523885309696198,0.9804301857948303,0,0,1.004459023475647,0,1,0.9431228041648865,-0.32042184472084045,-0.08859420567750931,0,0.3260699510574341,0.8396518230438232,0.4343540668487549,0,-0.06478826701641083,-0.43853726983070374,0.8963749408721924,0,-0.05621400102972984,0.588358998298645,0,1,0.9943403601646423,-0.10624341666698456,0.00006001737347105518,0,0.105744868516922,0.9897287487983704,0.09620529413223267,0,-0.01028057374060154,-0.09565440565347672,0.995361328125,0,0.03230699896812439,0.5530980229377747,0,1,-0.995897650718689,-0.04787690192461014,0.07677992433309555,0,0.06056956574320793,-0.9831286668777466,0.17259635031223297,0,0.06722117215394974,0.1765388548374176,0.9819955825805664,0,1.0144129991531372,-0.6594070196151733,-0.17839199304580688,1,0.9871746897697449,0.05844159051775932,0.14856299757957458,0,0.01496313139796257,0.8926184773445129,-0.45056483149528503,0,-0.15894171595573425,0.4470089375972748,0.8802953958511353,0,0,5.199635982513428,0,1,0.9954016804695129,-0.0030681125354021788,0.09574073553085327,0,-0.0875144973397255,0.3772582411766052,0.9219644069671631,0,-0.03894764557480812,-0.9261029958724976,0.37525469064712524,0,0,5.087769031524658,0,1,0.9827860593795776,-0.0012068279320374131,0.18474411964416504,0,-0.10661386698484421,0.8129681348800659,0.5724660158157349,0,-0.150881826877594,-0.5823073983192444,0.7988443970680237,0,0,1.9792859554290771,0,1,-0.9664208889007568,0.07778282463550568,-0.24491183459758759,0,-0.11799034476280212,-0.9809960722923279,0.15402968227863312,0,-0.22827647626399994,0.17775458097457886,0.9572317600250244,0,-1.0144129991531372,-0.6594070196151733,-0.1146169975399971,1,0.9971967339515686,-0.03043336793780327,-0.06836079806089401,0,0.0019968762062489986,0.9240568280220032,-0.38224947452545166,0,0.07480236142873764,0.38104119896888733,0.9215266704559326,0,0,5.200582981109619,0,1,0.9920967221260071,0.055096335709095,-0.11273320019245148,0,0.07490215450525284,0.46076157689094543,0.8843575119972229,0,0.10066798329353333,-0.8858121037483215,0.4529931843280792,0,0,5.092588901519775,0,1,0.9825199842453003,3.2882073242035403e-7,-0.1861547976732254,0,0.10699933022260666,0.8183029294013977,0.5647410750389099,0,0.15233120322227478,-0.5747878551483154,0.8039990067481995,0,0,1.9834200143814087,0,1
K0.067,0.9997087717056274,-0.023983364924788475,0.0027594452258199453,0,0.024050045758485794,0.9993346333503723,-0.027409588918089867,0,-0.0021002357825636864,0.027467982843518257,0.9996208548545837,0,0.054787538945674896,11.886503219604492,0.17380563914775848,1,0.9999960064888,0.002009636489674449,0.0018311755266040564,0,-0.0017433190951123834,0.9907973408699036,-0.13533954322338104,0,-0.0020863080862909555,0.13533587753772736,0.9907972812652588,0,0,1.1871720552444458,-0.18419000506401062,1,0.9990952014923096,-0.005323952063918114,0.042189355939626694,0,0.004476378206163645,0.999786913394928,0.02015887200832367,0,-0.042287688702344894,-0.019951779395341873,0.998906135559082,0,0,1.4016029834747314,0,1,0.9990960955619812,-0.004520245362073183,0.04226762056350708,0,0.003674815408885479,0.9997918605804443,0.020058168098330498,0,-0.04234950244426727,-0.019884716719388962,0.9989050626754761,0,0,1.6018329858779907,0,1,0.9996209740638733,-0.021592123433947563,-0.017070315778255463,0,0.023295128718018532,0.9940045475959778,0.10683055967092514,0,0.014661268331110477,-0.10718769580125809,0.9941304922103882,0,0,1.8020609617233276,0,1,0.9974536299705505,0.0630882978439331,0.03326982632279396,0,-0.06598002463579178,0.993335485458374,0.09450529515743256,0,-0.02708592638373375,-0.09645980596542358,0.9949687719345093,0,0,0.876151978969574,0.3483310043811798,1,-0.13667763769626617,-0.01611051894724369,-0.9904842972755432,0,0.9788262248039246,-0.15599197149276733,-0.13253170251846313,0,-0.15237261354923248,-0.9876271486282349,0.03709008917212486,0,0.6684079766273499,1.4949359893798828,-0.03617100045084953,1,0.8490409255027771,0.4498985707759857,-0.27698439359664917,0,0.07297365367412567,0.41937944293022156,0.9048736095428467,0,0.5232629179954529,-0.7884872555732727,0.3232395648956299,0,0,1.5037169456481934,0,1,0.8731420636177063,0.4861193001270294,-0.03620360791683197,0,-0.48715153336524963,0.8728349804878235,-0.029019050300121307,0,0.017493057996034622,0.04297441244125366,0.9989230036735535,0,0,3.3016510009765625,0,1,0.6329393982887268,0.005132173653692007,-0.7741842269897461,0,0.2564961910247803,0.9421133995056152,0.21594557166099548,0,0.7304773330688477,-0.3352556824684143,0.5949841141700745,0,0,2.7329390048980713,0,1,0.9226164817810059,0.30167168378829956,0.2403607815504074,0,-0.3019861578941345,0.9526152610778809,-0.03644372150301933,0,-0.2399653047323227,-0.03896204009652138,0.9699988961219788,0,-0.31367599964141846,0.46373501420021057,0,1,0.9981160759925842,-0.041857633739709854,-0.04486539959907532,0,0.04998314380645752,0.9787594079971313,0.198826402425766,0,0.03559001907706261,-0.200694277882576,0.979007363319397,0,-0.06563899666070938,0.4430510103702545,0,1,0.9968488812446594,0.07889260351657867,0.008216631598770618,0,-0.07886012643575668,0.9968768954277039,-0.004209244158118963,0,-0.008523047901690006,0.0035480153746902943,0.9999570250511169,0,0.0031789999920874834,0.48552098870277405,0,1,0.9345307946205139,0.3550349771976471,0.024523863568902016,0,-0.3494318425655365,0.9023546576499939,0.2522982358932495,0,0.06744547188282013,-0.244349867105484,0.9673386812210083,0,0,0.9771119952201843,0,1,0.9610978364944458,0.26686206459999084,0.07124869525432587,0,-0.2716141641139984,0.8662657737731934,0.4192959666252136,0,0.05017388239502907,-0.4223365783691406,0.9050496816635132,0,0.05210400000214577,0.5617660284042358,0,1,0.9757416844367981,0.21852190792560577,0.013280244544148445,0,-0.2162359207868576,0.9525025486946106,0.21443335711956024,0,0.034208912402391434,-0.2121032029390335,0.9766485691070557,0,-0.029978999868035316,0.5294229984283447,0,1,0.01475337240844965,0.0008319402113556862,0.9998908042907715,0,-0.9936633110046387,-0.11142216622829437,0.014754164032638073,0,0.11142229288816452,-0.9937723875045776,-0.0008171531371772289,0,-0.6684079766273499,1.4984140396118164,-0.058591000735759735,1,0.8478675484657288,-0.49019598960876465,0.20206119120121002,0,-0.01881830394268036,0.35303589701652527,0.935420572757721,0,-0.5298742055892944,-0.7969151139259338,0.290103018283844,0,0,1.5037169456481934,0,1,0.8897175192832947,-0.455329030752182,0.032844845205545425,0,0.45604702830314636,0.8897539973258972,-0.01894330605864525,0,-0.020598389208316803,0.0318329781293869,0.9992809295654297,0,0,3.307734966278076,0,1,0.6955274343490601,0.15537087619304657,0.7014998197555542,0,-0.2545052468776703,0.966312050819397,0.038315944373607635,0,-0.6719143986701965,-0.2051851600408554,0.7116391062736511,0,0,2.741194009780884,0,1,0.9881569743156433,-0.15227997303009033,0.018889695405960083,0,0.14607441425323486,0.9712233543395996,0.18811379373073578,0,-0.046992093324661255,-0.18312670290470123,0.9819656610488892,0,0.31780698895454407,0.5204169750213623,0,1,0.985458493232727,-0.15694597363471985,0.0651194229722023,0,0.1538459211587906,0.9868195056915283,0.05019364878535271,0,-0.07213874906301498,-0.039445362985134125,0.9966142773628235,0,0.08337199687957764,0.4806489944458008,0,1,0.9637126326560974,-0.26691362261772156,0.0037862234748899937,0,0.2666466534137726,0.9618898034095764,-0.06055525317788124,0,0.012521103955805302,0.05936751887202263,0.9981581568717957,0,0.015426999889314175,0.47726699709892273,0,1,0.97993004322052,-0.19716261327266693,0.029384354129433632,0,0.18777620792388916,0.9624756574630737,0.195909321308136,0,-0.06690774857997894,-0.18645983934402466,0.9801816344261169,0,0,1.004459023475647,0,1,0.9433594346046448,-0.31980234384536743,-0.08831855654716492,0,0.32543739676475525,0.8401783108711243,0.433809369802475,0,-0.0645299106836319,-0.4379802346229553,0.8966655731201172,0,-0.05621400102972984,0.588358998298645,0,1,0.9944637417793274,-0.10508272796869278,0.00011263810301898047,0,0.10459576547145844,0.9899572134017944,0.0951073095202446,0,-0.01010564062744379,-0.09456896781921387,0.995467483997345,0,0.03230699896812439,0.5530980229377747,0,1,-0.9958217740058899,-0.04810437932610512,0.07761892676353455,0,0.06107518821954727,-0.9827598333358765,0.1745058000087738,0,0.06788628548383713,0.17851729691028595,0.9815918207168579,0,1.0144129991531372,-0.6594070196151733,-0.17839199304580688,1,0.9874051213264465,0.05767887458205223,0.14732611179351807,0,0.015858253464102745,0.8904091119766235,-0.4548841714859009,0,-0.1574176847934723,0.45149120688438416,0.8782796263694763,0,0,5.199635982513428,0,1,0.9952999353408813,-0.0012151278788223863,0.09683405607938766,0,-0.08933882415294647,0.37438756227493286,0.9229589700698853,0,-0.03737495839595795,-0.9272715449333191,0.3725191652774811,0,0,5.087769031524658,0,1,0.9827880263328552,-0.0011901577236130834,0.18473505973815918,0,-0.10660600662231445,0.8130289912223816,0.5723804235458374,0,-0.15087613463401794,-0.5822223424911499,0.798907995223999,0,0,1.9792859554290771,0,1,-0.9660404920578003,0.07768958806991577,-0.2464350461959839,0,-0.11813269555568695,-0.981011688709259,0.153819739818573,0,-0.22980540990829468,0.17770808935165405,0.9568743705749512,0,-1.0144129991531372,-0.6594070196151733,-0.1146169975399971,1,0.9971190690994263,-0.03166717663407326,-0.06891975551843643,0,0.002915238030254841,0.9239999651908875,-0.3823814392089844,0,0.07579085230827332,0.38107919692993164,0.9214310646057129,0,0,5.200582981109619,0,1,0.9922798871994019,0.056966863572597504,-0.11016055941581726,0,0.07166581600904465,0.46155020594596863,0.8842149376869202,0,0.10121554136276245,-0.8852831125259399,0.45390424132347107,0,0,5.092588901519775,0,1,0.9825199842453003,2.4159808731383237e-7,-0.1861548125743866,0,0.1069992408156395,0.8183028697967529,0.5647401213645935,0,0.1523311734199524,-0.5747869610786438,0.8039990067481995,0,0,1.9834200143814087,0,1
K0.100,0.999680757522583,-0.02513578161597252,0.002387101761996746,0,0.025193164125084877,0.9992845058441162,-0.028203656896948814,0,-0.0016764742322266102,0.02825481817126274,0.9995996952056885,0,0.07365485280752182,11.885872840881348,0.18031954765319824,1,0.9999970197677612,0.0018380688270553946,0.0015795263461768627,0,-0.001608012244105339,0.9908445477485657,-0.13499809801578522,0,-0.0018132008844986558,0.13499514758586884,0.9908445477485657,0,0,1.1871720552444458,-0.18419000506401062,1,0.9991223216056824,-0.005656316876411438,0.04151628166437149,0,0.004792147781699896,0.9997707605361938,0.020885266363620758,0,-0.04162484407424927,-0.02066795527935028,0.9989191293716431,0,0,1.4016029834747314,0,1,0.9991223216056824,-0.00483296625316143,0.0416015088558197,0,0.003969993442296982,0.9997758865356445,0.02080150507390499,0,-0.041692741215229034,-0.020618101581931114,0.9989180564880371,0,0,1.6018329858779907,0,1,0.9996290802955627,-0.021303461864590645,-0.01697281375527382,0,0.023027537390589714,0.9937894344329834,0.10887060314416885,0,0.014548083767294884,-0.10922108590602875,0.9939115047454834,0,0,1.8020609617233276,0,1,0.9974014163017273,0.06374558061361313,0.0335700660943985,0,-0.06671428680419922,0.9931090474128723,0.09635387361049652,0,-0.02719658799469471,-0.09834303706884384,0.9947805404663086,0,0,0.876151978969574,0.3483310043811798,1,-0.1363658457994461,-0.016064554452896118,-0.9905282855033875,0,0.9788728356361389,-0.15595926344394684,-0.13223184645175934,0,-0.15235771238803864,-0.9876324534416199,0.036992624402046204,0,0.6684079766273499,1.4949359893798828,-0.03617100045084953,1,0.8491718769073486,0.4497045874595642,-0.27689850330352783,0,0.07265288382768631,0.4198527932167053,0.9046798944473267,0,0.5230951905250549,-0.7883459329605103,0.3238547742366791,0,0,1.5037169456481934,0,1,0.8734427094459534,0.4855824410915375,-0.03615682199597359,0,-0.4866125285625458,0.8731366395950317,-0.028994573280215263,0,0.017490584403276443,0.04291944578289986,0.9989250302314758,0,0,3.3016510009765625,0,1,0.6318312287330627,0.005115367006510496,-0.775088906288147,0,0.25694170594215393,0.9420552253723145,0.2156691700220108,0,0.731279730796814,-0.3354191780090332,0.5939055681228638,0,0,2.7329390048980713,0,1,0.9226652383804321,0.3015132546424866,0.24037286639213562,0,-0.30183371901512146,0.952665388584137,-0.0364009253680706,0,-0.23997025191783905,-0.03896676003932953,0.9699980020523071,0,-0.31367599964141846,0.46373501420021057,0,1,0.9981280565261841,-0.04179060831665993,-0.04465828463435173,0,0.04986700043082237,0.9788144826889038,0.19858360290527344,0,0.0354132205247879,-0.2004387080669403,0.979065477848053,0,-0.06563899666070938,0.4430510103702545,0,1,0.9968328475952148,0.07909727096557617,0.008185488171875477,0,-0.07906346023082733,0.9968598484992981,-0.004377876408398151,0,-0.008506068028509617,0.003716840408742428,0.9999570250511169,0,0.0031789999920874834,0.48552098870277405,0,1,0.9343612194061279,0.3554670512676239,0.024739544838666916,0,-0.34985533356666565,0.9020053148269653,0.25295910239219666,0,0.06760343164205551,-0.24501049518585205,0.9671611189842224,0,0,0.9771119952201843,0,1,0.9613617062568665,0.2660042941570282,0.07089673727750778,0,-0.27073904871940613,0.8669425845146179,0.4184633791446686,0,0.049849607050418854,-0.42148876190185547,0.9054621458053589,0,0.05210400000214577,0.5617660284042358,0,1,0.975845456123352,0.21806232631206512,0.013199844397604465,0,-0.21578694880008698,0.9527117013931274,0.2139560580253601,0,0.03408011794090271,-0.21163642406463623,0.9767544865608215,0,-0.029978999868035316,0.5294229984283447,0,1,0.016143152490258217,0.0005365872057154775,0.9998699426651001,0,-0.9935553073883057,-0.11219567060470581,0.016101421788334846,0,0.11218975484371185,-0.9936864972114563,-0.0012780730612576008,0,-0.6684079766273499,1.4984140396118164,-0.058591000735759735,1,0.8471905589103699,-0.49141520261764526,0.20193760097026825,0,-0.018893515691161156,0.3519832491874695,0.9358154535293579,0,-0.5309528708457947,-0.796629786491394,0.28891247510910034,0,0,1.5037169456481934,0,1,0.8895224332809448,-0.455706924200058,0.03287327289581299,0,0.4564262926578522,0.8895593285560608,-0.018954170867800713,0,-0.020605184137821198,0.03186439722776413,0.9992799162864685,0,0,3.307734966278076,0,1,0.6984431743621826,0.1553073525428772,0.6986110806465149,0,-0.25339174270629883,0.9665998220443726,0.03844725713133812,0,-0.6693056225776672,-0.203875333070755,0.7144680619239807,0,0,2.741194009780884,0,1,0.9880087971687317,-0.1533225178718567,0.018201608210802078,0,0.14720728993415833,0.9709792733192444,0.18849410116672516,0,-0.04657374694943428,-0.18355430662631989,0.9819057583808899,0,0.31780698895454407,0.5204169750213623,0,1,0.98551344871521,-0.15623079240322113,0.06598985195159912,0,0.15302510559558868,0.9868972301483154,0.05115082114934921,0,-0.07311655580997467,-0.04031173139810562,0.9965080618858337,0,0.08337199687957764,0.4806489944458008,0,1,0.9638148546218872,-0.26654884219169617,0.0036631799302995205,0,0.2662791311740875,0.9620116949081421,-0.060239482671022415,0,0.012532745487987995,0.05903514102101326,0.9981775879859924,0,0.015426999889314175,0.47726699709892273,0,1,0.97947758436203,-0.1995021402835846,0.028687912970781326,0,0.18987295031547546,0.9610681533813477,0.20074127614498138,0,-0.06761933118104935,-0.1911744922399521,0.9792245030403137,0,0,1.004459023475647,0,1,0.9440370798110962,-0.31801334023475647,-0.08752532303333282,0,0.32361137866973877,0.8416918516159058,0.43223974108695984,0,-0.06378863751888275,-0.4363744854927063,0.8975008726119995,0,-0.05621400102972984,0.588358998298645,0,1,0.9947168231010437,-0.10265178233385086,0.00021864251175429672,0,0.10218863189220428,0.9904265403747559,0.09280754625797272,0,-0.009743408299982548,-0.09229487180709839,0.9956836104393005,0,0.03230699896812439,0.5530980229377747,0,1,-0.9958063960075378,-0.048317067325115204,0.077686607837677,0,0.0612453892827034,-0.9828822612762451,0.17375656962394714,0,0.06796137988567352,0.17778584361076355,0.9817194938659668,0,1.0144129991531372,-0.6594070196151733,-0.17839199304580688,1,0.9877024292945862,0.05574453994631767,0.14607009291648865,0,0.01726347953081131,0.889678955078125,-0.45625990629196167,0,-0.1553894728422165,0.45317062735557556,0.8777755498886108,0,0,5.199635982513428,0,1,0.9951395392417908,0.0008411857997998595,0.09847263991832733,0,-0.09170373529195786,0.37234142422676086,0.9235540628433228,0,-0.035888537764549255,-0.9280949831008911,0.3706085979938507,0,0,5.087769031524658,0,1,0.9827839732170105,-0.00123083486687392,0.18475615978240967,0,-0.10662457346916199,0.8128791451454163,0.5725894570350647,0,-0.15088917315006256,-0.5824311971664429,0.7987532615661621,0,0,1.9792859554290771,0,1,-0.9658041596412659,0.07824099808931351,-0.24718615412712097,0,-0.11821956187486649,-0.9813980460166931,0.15126806497573853,0,-0.23075267672538757,0.17531758546829224,0.9570879936218262,0,-1.0144129991531372,-0.6594070196151733,-0.1146169975399971,1,0.9969729781150818,-0.03298617899417877,-0.0704076886177063,0,0.0037462140899151564,0.9248728156089783,-0.38025882840156555,0,0.07766139507293701,0.3788437843322754,0.9221961498260498,0,0,5.200582981109619,0,1,0.9924132823944092,0.058969296514987946,-0.10788191854953766,0,0.0685926079750061,0.4626557528972626,0.8838801383972168,0,0.10203395038843155,-0.8845740556716919,0.4551007151603699,0,0,5.092588901519775,0,1,0.9825199246406555,8.5088565526803e-8,-0.1861542910337448,0,0.10699908435344696,0.8183028697967529,0.5647401213645935,0,0.152330681681633,-0.5747869610786438,0.803999125957489,0,0,1.9834200143814087,0,1
