2.367,30,71,41
B0,mixamorig_Hips,-1,0.9979119300842285,-0.0077778249979019165,0.06412110477685928,0,0.00348717556335032,0.9977629780769348,0.06675698608160019,0,-0.06449690461158752,-0.06639401614665985,0.9957070350646973,0,-0.01154400035738945,12.021552085876465,0.22280199825763702,1
B1,mixamorig_Spine,0,0.9999849796295166,0.000548723095562309,-0.005519333761185408,0,-0.0013342768652364612,0.9896710515022278,-0.14335088431835175,0,0.005383665673434734,0.1433561146259308,0.9896569848060608,0,0,1.1614660024642944,-0.17178399860858917,1
B2,mixamorig_Spine1,1,0.9999500513076782,-0.0010820225579664111,-0.009986025281250477,0,0.0011709772516041994,0.9999600052833557,0.008906382136046886,0,0.009975975379347801,-0.008917618542909622,0.9999099969863892,0,0,1.369784951210022,0,1
B3,mixamorig_Spine2,2,0.9999489784240723,-0.0011831321753561497,-0.01002593245357275,0,0.0012718676589429379,0.9999600052833557,0.008848846890032291,0,0.01001506857573986,-0.00886115338653326,0.9999110698699951,0,0,1.5654679536819458,0,1
B4,mixamorig_Neck,3,0.998621940612793,0.04772307351231575,0.02183385193347931,0,-0.04600092023611069,0.9962310791015625,-0.07354088872671127,0,-0.02526114508509636,0.07243512570858002,0.9970529675483704,0,0,1.7611509561538696,0,1
B5,mixamorig_Head,4,0.9974610209465027,-0.0346277691423893,-0.0622347816824913,0,0.045030225068330765,0.9836419224739075,0.17441315948963165,0,0.05517721548676491,-0.176772803068161,0.9827039837837219,0,0,0.9798849821090698,0.3119800090789795,1
B6,mixamorig_HeadTop_End,5,1,0,0,0,0,1,0,0,0,0,1,0,0,2.8381810188293457,1.1283719539642334,1
B7,mixamorig_LeftShoulder,3,0.16038778424263,0.021404800936579704,-0.9868221282958984,0,0.9155831933021545,-0.37673285603523254,0.1406378298997879,0,-0.36875784397125244,-0.9260741472244263,-0.08002127707004547,0,0.6561779975891113,1.4388259649276733,-0.03311299905180931,1
B8,mixamorig_LeftArm,7,0.8986610174179077,0.30479303002357483,-0.31545016169548035,0,0.08855699002742767,0.578275203704834,0.8110218048095703,0,0.42961084842681885,-0.7567691802978516,0.4926818907260895,0,0,1.495182991027832,0,1
B9,mixamorig_LeftForeArm,8,0.9750730395317078,0.22174377739429474,-0.00782790407538414,0,-0.22186122834682465,0.9748589992523193,-0.02069508098065853,0,0.00304209697060287,0.021915921941399574,0.9997550249099731,0,0,3.1777119636535645,0,1
B10,mixamorig_LeftHand,9,0.6764729619026184,0.13552144169807434,-0.7238909602165222,0,-0.04350453242659569,0.9885600209236145,0.14441601932048798,0,0.7351810932159424,-0.06620098650455475,0.6746298670768738,0,0,2.8114230632781982,0,1
B11,mixamorig_LeftHandThumb1,10,0.9201251268386841,0.36818575859069824,-0.13344895839691162,0,-0.3916162848472595,0.8629078269004822,-0.3194151818752289,0,-0.002449958585202694,0.346162885427475,0.9381710886955261,0,-0.23947900533676147,0.4703890085220337,0,1
B12,mixamorig_LeftHandThumb2,11,0.9563029408454895,-0.25619393587112427,-0.14088626205921173,0,0.2919750213623047,0.8620641231536865,0.4142419099807739,0,0.015326732769608498,-0.437276154756546,0.899196982383728,0,-0.03739999979734421,0.42061299085617065,0,1
B13,mixamorig_LeftHandThumb3,12,0.9855859875679016,0.14358781278133392,-0.0894610583782196,0,-0.1440751850605011,0.9895659685134888,0.0010189033346250653,0,0.08867394924163818,0.011884904466569424,0.9959900379180908,0,-0.019526999443769455,0.46268200874328613,0,1
B14,mixamorig_LeftHandThumb4,13,1,0,0,0,0,1,0,0,0,0,1,0,0.062460001558065414,0.4080809950828552,0,1
B15,mixamorig_LeftHandIndex1,10,0.9128549695014954,0.4060819447040558,0.04235702008008957,0,-0.39862701296806335,0.8640210628509521,0.3075128197669983,0,0.08827803283929825,-0.2975991666316986,0.9506009817123413,0,0,0.8969519734382629,0,1
B16,mixamorig_LeftHandIndex2,15,0.9905319809913635,0.13460299372673035,0.026989057660102844,0,-0.13526898622512817,0.9234151244163513,0.3591759204864502,0,0.02342405542731285,-0.3594260513782501,0.9328799247741699,0,0.08578500151634216,0.5953440070152283,0,1
B17,mixamorig_LeftHandIndex3,16,0.9297210574150085,0.36618390679359436,0.039097800850868225,0,-0.3652600646018982,0.9033870100975037,0.22467195987701416,0,0.0469508022069931,-0.22316305339336395,0.9736500382423401,0,-0.07912600040435791,0.5678529739379883,0,1
B18,mixamorig_LeftHandIndex4,17,1,0,0,0,0,1,0,0,0,0,1,0,-0.02212500013411045,0.491921991109848,0,1
B19,mixamorig_RightShoulder,3,0.17450889945030212,-0.027026129886507988,0.9842849373817444,0,-0.9038408994674683,-0.400998055934906,0.1492360681295395,0,0.3906630575656891,-0.915679931640625,-0.09440498054027557,0,-0.6561779975891113,1.4430400133132935,-0.06160899996757507,1
B20,mixamorig_RightArm,19,0.9801809787750244,-0.14152978360652924,0.13861826062202454,0,-0.0358157604932785,0.5615891814231873,0.8266409635543823,0,-0.19484077394008636,-0.8152222633361816,0.5453898906707764,0,0,1.495182991027832,0,1
B21,mixamorig_RightForeArm,20,0.9913740158081055,-0.13080696761608124,0.008135173469781876,0,0.13087104260921478,0.9913679957389832,-0.007905765436589718,0,-0.007030826527625322,0.008902234956622124,0.999936044216156,0,0,3.1834919452667236,0,1
B22,mixamorig_RightHand,21,0.5127897262573242,-0.11143537610769272,0.8512511253356934,0,-0.015993371605873108,0.9901279807090759,0.1392497718334198,0,-0.8583648800849915,-0.08502022922039032,0.5059452056884766,0,0,2.819844961166382,0,1
B23,mixamorig_RightHandThumb1,22,0.8998940587043762,-0.35258087515830994,-0.25666603446006775,0,0.3471660912036896,0.9353569746017456,-0.06769995391368866,0,0.26394397020339966,-0.028182953596115112,0.9641259908676147,0,0.2759990096092224,0.4979900121688843,0,1
B24,mixamorig_RightHandThumb2,23,0.9699019193649292,0.19042916595935822,0.15174509584903717,0,-0.22591587901115417,0.936258852481842,0.26903843879699707,0,-0.0908399298787117,-0.29522252082824707,0.9511001706123352,0,0.054754000157117844,0.4521830081939697,0,1
B25,mixamorig_RightHandThumb3,24,0.9596909284591675,0.188150092959404,0.208790123462677,0,-0.16884490847587585,0.9798300266265869,-0.10688326507806778,0,-0.22468888759613037,0.06732173264026642,0.9721019864082336,0,0.002435999922454357,0.47156599164009094,0,1
B26,mixamorig_RightHandThumb4,25,1,0,0,0,0,1,0,0,0,0,1,0,-0.09879899770021439,0.36491599678993225,0,1
B27,mixamorig_RightHandIndex1,22,0.9389569759368896,-0.34399205446243286,-0.00545799033716321,0,0.3349459767341614,0.9104121327400208,0.24281972646713257,0,-0.07855898886919022,-0.22982525825500488,0.9700559377670288,0,0,0.9721270203590393,0,1
B28,mixamorig_RightHandIndex2,27,0.9767890572547913,-0.20819596946239471,-0.05037464573979378,0,0.21343301236629486,0.9260489344596863,0.31125500798225403,0,-0.018152648583054543,-0.3147819936275482,0.948989987373352,0,-0.06733100116252899,0.5684720277786255,0,1
B29,mixamorig_RightHandIndex3,28,0.9797459840774536,-0.20018282532691956,-0.004898684564977884,0,0.1980091780424118,0.9648839235305786,0.17259885370731354,0,-0.02982468530535698,-0.17007313668727875,0.9849799275398254,0,0.03313799947500229,0.5351600050926208,0,1
B30,mixamorig_RightHandIndex4,29,1,0,0,0,0,1,0,0,0,0,1,0,0.02390800043940544,0.4435960054397583,0,1
B31,mixamorig_LeftUpLeg,0,-0.9621870517730713,-0.13463206589221954,0.23679396510124207,0,0.17062795162200928,-0.9755280613899231,0.13868024945259094,0,0.21232803165912628,0.1738397628068924,0.9616109728813171,0,1.0567330121994019,-0.6451150178909302,-0.23938700556755066,1
B32,mixamorig_LeftLeg,31,0.9958500266075134,0.04276267811655998,0.08033887296915054,0,-0.023219315335154533,0.9729041457176208,-0.23003849387168884,0,-0.08799911290407181,0.22721850872039795,0.9698598384857178,0,0,5.242112159729004,0,1
B33,mixamorig_LeftFoot,32,0.9947090744972229,-0.09472159296274185,0.039778903126716614,0,0.01339641958475113,0.5034819841384888,0.8639019727706909,0,-0.10185810178518295,-0.8587980270385742,0.5020869374275208,0,0,5.137761116027832,0,1
B34,mixamorig_LeftToeBase,33,0.9743479490280151,-0.0013105850666761398,0.2250441610813141,0,-0.1270235776901245,0.822265088558197,0.554747998714447,0,-0.1857728213071823,-0.569102942943573,0.8010050654411316,0,0,1.9926340579986572,0,1
B35,mixamorig_LeftToe_End,34,1,0,0,0,0,1,0,0,0,0,1,0,0,0.7514510154724121,0,1
B36,mixamorig_RightUpLeg,0,-0.9789809584617615,0.11502424627542496,-0.16842396557331085,0,-0.1408797651529312,-0.9785029888153076,0.15061414241790771,0,-0.14747901260852814,0.17117585241794586,0.9741399884223938,0,-1.0567330121994019,-0.6451150178909302,-0.17966599762439728,1
B37,mixamorig_RightLeg,36,0.9986939430236816,-0.04262923076748848,0.0281758364289999,0,0.047032762318849564,0.9824090600013733,-0.1807219237089157,0,-0.019976159557700157,0.18181106448173523,0.983130931854248,0,0,5.242802143096924,0,1
B38,mixamorig_RightFoot,37,0.9936839938163757,0.10478966683149338,-0.04014292731881142,0,-0.02257133647799492,0.5370649695396423,0.8432390093803406,0,0.10992208123207092,-0.8370069861412048,0.5360380411148071,0,0,5.137811183929443,0,1
B39,mixamorig_RightToeBase,38,0.9743490815162659,0.0019502394134178758,-0.22503390908241272,0,0.12778224050998688,0.8183320164680481,0.5603620409965515,0,0.1852450966835022,-0.5747429728507996,0.797091007232666,0,0,1.9670729637145996,0,1
B40,mixamorig_RightToe_End,39,1,0,0,0,0,1,0,0,0,0,1,0,0,0.7490540146827698,0,1
@34,0,1,2,3,4,5,7,8,9,10,11,12,13,15,16,17,19,20,21,22,23,24,25,27,28,29,31,32,33,34,36,37,38,39
K0.000,0.9593169093132019,-0.016118718311190605,-0.28187140822410583,0,0.03639228269457817,0.9970999360084534,0.06683813780546188,0,0.2799765467643738,-0.07437687367200851,0.9571211338043213,0,0.1467610001564026,11.86459732055664,0.27313101291656494,1,0.9852420091629028,0.04567995294928551,0.16495999693870544,0,0.006269951816648245,0.9534540176391602,-0.301474004983902,0,-0.1710529923439026,0.29805898666381836,0.9390959739685059,0,0,1.1614660024642944,-0.17178399860858917,1,0.9995999336242676,-0.011439082212746143,0.025867173448204994,0,0.00930891651660204,0.9966690540313721,0.08102109283208847,0,-0.02670782245695591,-0.08074790239334106,0.9963770508766174,0,0,1.369784951210022,0,1,0.9995729923248291,-0.013674179092049599,0.025823041796684265,0,0.011548819951713085,0.9966690540313721,0.08073186874389648,0,-0.02684095874428749,-0.08039914071559906,0.9964010119438171,0,0,1.5654679536819458,0,1,0.9986329674720764,0.02881901152431965,0.04360823333263397,0,-0.036988984793424606,0.9790970683097839,0.2000037580728531,0,-0.03693276271224022,-0.20134325325489044,0.9788239598274231,0,0,1.7611509561538696,0,1,0.9906240105628967,-0.005513154435902834,0.13650305569171906,0,-0.011993154883384705,0.9918179512023926,0.12709423899650574,0,-0.13608694076538086,-0.1275397688150406,0.9824530482292175,0,0,0.9798849821090698,0.3119800090789795,1,0.027277080342173576,0.014297965914011002,-0.9995260238647461,0,0.9876840114593506,-0.15449096262454987,0.024743977934122086,0,-0.15406395494937897,-0.9878910183906555,-0.018335960805416107,0,0.6561779975891113,1.4388259649276733,-0.03311299905180931,1,0.7173820734024048,0.6943928599357605,-0.056406110525131226,0,-0.5035310983657837,0.5727458000183105,0.6468520760536194,0,0.4814758896827698,-0.4356379508972168,0.7605260610580444,0,0,1.495182991027832,0,1,-0.27672678232192993,0.9528360366821289,-0.12459897249937057,0,-0.9533399343490601,-0.28850215673446655,-0.08893004804849625,0,-0.1206829696893692,0.09417595714330673,0.9882140159606934,0,0,3.1777119636535645,0,1,0.3704513609409332,-0.017744963988661766,-0.9286823272705078,0,-0.6322580575942993,0.7276230454444885,-0.26611092686653137,0,0.680452823638916,0.6857480406761169,0.2583295404911041,0,0,2.8114230632781982,0,1,0.8918859958648682,0.4521239697933197,0.011066947132349014,0,-0.44933104515075684,0.8886258602142334,-0.09189436584711075,0,-0.05138206109404564,0.0769866332411766,0.9957070350646973,0,-0.23947900533676147,0.4703890085220337,0,1,0.9829399585723877,-0.18044531345367432,0.03561113029718399,0,0.16821065545082092,0.9602541327476501,0.22274965047836304,0,-0.07438986748456955,-0.21295934915542603,0.9742249250411987,0,-0.03739999979734421,0.42061299085617065,0,1,0.9974020719528198,0.06843660771846771,0.02249576710164547,0,-0.06925738602876663,0.996874988079071,0.03799485042691231,0,-0.019825231283903122,-0.0394541434943676,0.9990249276161194,0,-0.019526999443769455,0.46268200874328613,0,1,0.9770239591598511,0.20866310596466064,-0.04340915381908417,0,-0.20521989464759827,0.9760159850120544,0.07265235483646393,0,0.057527847588062286,-0.062074627727270126,0.9964120388031006,0,0,0.8969519734382629,0,1,0.9771769642829895,-0.21235322952270508,-0.005515132565051317,0,0.21228279173374176,0.9752450585365295,0.061905015259981155,0,-0.007767132483422756,-0.06166298687458038,0.9980670213699341,0,0.08578500151634216,0.5953440070152283,0,1,0.9876129627227783,0.15630406141281128,0.013796904124319553,0,-0.15666896104812622,0.9871550798416138,0.0313081368803978,0,-0.008726093918085098,-0.033081863075494766,0.9994150400161743,0,-0.07912600040435791,0.5678529739379883,0,1,-0.22824205458164215,0.015501190908253193,0.9734809994697571,0,-0.9323489665985107,-0.2914569675922394,-0.213957279920578,0,0.2804111838340759,-0.9564578533172607,0.08097527176141739,0,-0.6561779975891113,1.4430400133132935,-0.06160899996757507,1,0.95073401927948,0.17303195595741272,0.25722381472587585,0,-0.2833470404148102,0.821652889251709,0.4945712089538574,0,-0.125772163271904,-0.543089747428894,0.8302021026611328,0,0,1.495182991027832,0,1,-0.4083182215690613,-0.9081219434738159,0.09268762171268463,0,0.9085661172866821,-0.4141197204589844,-0.054884571582078934,0,0.08822561800479889,0.06180243566632271,0.9941809773445129,0,0,3.1834919452667236,0,1,0.31202733516693115,-0.22578909993171692,0.9228529334068298,0,-0.41807809472084045,0.839614987373352,0.3467808961868286,0,-0.8531411290168762,-0.49403005838394165,0.16758546233177185,0,0,2.819844961166382,0,1,0.8822050094604492,-0.47080299258232117,0.007615096867084503,0,0.46559402346611023,0.8698030114173889,-0.1632927507162094,0,0.0702551007270813,0.14760327339172363,0.9865479469299316,0,0.2759990096092224,0.4979900121688843,0,1,0.9906619191169739,0.1309044063091278,-0.038113366812467575,0,-0.11663559079170227,0.9584609866142273,0.2602849304676056,0,0.07060263305902481,-0.2534089982509613,0.9647790193557739,0,0.054754000157117844,0.4521830081939697,0,1,0.9983909726142883,-0.05356389656662941,-0.01861780323088169,0,0.05405610427260399,0.9981719851493835,0.027025043964385986,0,0.01713619753718376,-0.027987957000732422,0.9994609951972961,0,0.002435999922454357,0.47156599164009094,0,1,0.9681219458580017,-0.24815624952316284,0.034033916890621185,0,0.2419087439775467,0.9615640640258789,0.12989898025989532,0,-0.06496106833219528,-0.11752500385046005,0.9909429550170898,0,0,0.9721270203590393,0,1,0.998894989490509,0.0462668351829052,-0.008282989263534546,0,-0.04496515914797783,0.9919639825820923,0.11826159060001373,0,0.013688011094927788,-0.11775842308998108,0.9929479360580444,0,-0.06733100116252899,0.5684720277786255,0,1,0.9983540773391724,-0.05726303905248642,0.0033231256529688835,0,0.05696496367454529,0.9966059923171997,0.059428077191114426,0,-0.006714874878525734,-0.059140920639038086,0.9982270002365112,0,0.03313799947500229,0.5351600050926208,0,1,-0.983862042427063,0.10075189173221588,0.1478670984506607,0,-0.05725910887122154,-0.9602280259132385,0.27328407764434814,0,0.16951990127563477,0.2604069113731384,0.9505000710487366,0,1.0567330121994019,-0.6451150178909302,-0.23938700556755066,1,0.9871249794960022,0.06351170688867569,0.14679911732673645,0,0.02784471958875656,0.8355379700660706,-0.5487270951271057,0,-0.15750686824321747,0.5457499027252197,0.823012113571167,0,0,5.242112159729004,0,1,0.958083987236023,0.26975998282432556,0.09645460546016693,0,-0.16814002394676208,0.2568800449371338,0.9517049789428711,0,0.23195461928844452,-0.9280310869216919,0.29147011041641235,0,0,5.137761116027832,0,1,0.9730830788612366,-0.022674832493066788,0.22933804988861084,0,-0.13604183495044708,0.7467378973960876,0.6510570645332336,0,-0.1860179603099823,-0.6647319197654724,0.7235530018806458,0,0,1.9926340579986572,0,1,-0.9883341193199158,-0.10002133250236511,-0.11485476046800613,0,0.0712476596236229,-0.970158040523529,0.2317710518836975,0,-0.13460923731327057,0.22088398039340973,0.965965986251831,0,-1.0567330121994019,-0.6451150178909302,-0.17966599762439728,1,0.9913439750671387,-0.12332391738891602,0.04503586143255234,0,0.12887905538082123,0.8486631512641907,-0.5129916667938232,0,0.02504386566579342,0.5143553018569946,0.8572107553482056,0,0,5.242802143096924,0,1,0.9977719783782959,-0.03420798480510712,-0.05727101489901543,0,0.06530701369047165,0.32577675580978394,0.9431880712509155,0,-0.013607014901936054,-0.9448278546333313,0.3272852897644043,0,0,5.137811183929443,0,1,0.9731979370117188,0.024528030306100845,-0.22865518927574158,0,0.1376890242099762,0.7342309355735779,0.6647911071777344,0,0.18419180810451508,-0.6784569621086121,0.7111751437187195,0,0,1.9670729637145996,0,1
K0.034,0.9400951862335205,-0.0548928827047348,-0.33646297454833984,0,0.08386148512363434,0.9938609004020691,0.07216805964708328,0,0.33043596148490906,-0.09606115520000458,0.9389274716377258,0,0.19492115080356598,11.853407859802246,0.29032102227211,1,0.9823665022850037,0.054730601608753204,0.17877592146396637,0,0.006639815866947174,0.9453795552253723,-0.3259047567844391,0,-0.18684794008731842,0.3213447630405426,0.9283452033996582,0,0,1.1614660024642944,-0.17178399860858917,1,0.9991495609283447,0.023972179740667343,0.033562902361154556,0,-0.02693445421755314,0.9955055117607117,0.09078802168369293,0,-0.03123566508293152,-0.09161479771137238,0.9953044652938843,0,0,1.369784951210022,0,1,0.9991858601570129,0.021096328273415565,0.03438756614923477,0,-0.02415955252945423,0.9955348372459412,0.09124674648046494,0,-0.032309047877788544,-0.0920032411813736,0.9952340126037598,0,0,1.5654679536819458,0,1,0.9987226128578186,0.01705055497586727,0.047557927668094635,0,-0.025758208706974983,0.981641948223114,0.18898560106754303,0,-0.043462563306093216,-0.1899692714214325,0.9808275699615479,0,0,1.7611509561538696,0,1,0.9845017790794373,-0.041294198483228683,0.17044103145599365,0,0.017300942912697792,0.9900107383728027,0.13992460072040558,0,-0.1745166927576065,-0.13480733335018158,0.9753826856613159,0,0,0.9798849821090698,0.3119800090789795,1,0.024445272982120514,0.012245645746588707,-0.999626100063324,0,0.9912530779838562,-0.13002097606658936,0.022647766396403313,0,-0.12969498336315155,-0.9914360046386719,-0.015316971577703953,0,0.6561779975891113,1.4388259649276733,-0.03311299905180931,1,0.6408658623695374,0.7573846578598022,-0.12513788044452667,0,-0.5525310635566711,0.5682703852653503,0.6097351312637329,0,0.5329164266586304,-0.3216160535812378,0.7826640605926514,0,0,1.495182991027832,0,1,-0.2762216329574585,0.9529895782470703,-0.12455113232135773,0,-0.9534934759140015,-0.2879922688007355,-0.08894418179988861,0,-0.12063255906105042,0.0941903218626976,0.988218367099762,0,0,3.1777119636535645,0,1,0.3922891914844513,-0.008161414414644241,-0.9198060631752014,0,-0.6346351504325867,0.7214371562004089,-0.2770676612854004,0,0.6658433675765991,0.6924317479133606,0.27783238887786865,0,0,2.8114230632781982,0,1,0.8919153809547424,0.4520663619041443,0.011100677773356438,0,-0.44927462935447693,0.8886622190475464,-0.0918261855840683,0,-0.05137626454234123,0.07691390067338943,0.9957129955291748,0,-0.23947900533676147,0.4703890085220337,0,1,0.9829400777816772,-0.1804448366165161,0.03561113402247429,0,0.16821013391017914,0.9602539539337158,0.22275008261203766,0,-0.07438986003398895,-0.2129599004983902,0.9742250442504883,0,-0.03739999979734421,0.42061299085617065,0,1,0.9974020719528198,0.06843660026788712,0.022495759651064873,0,-0.06925737857818604,0.996874988079071,0.03799485042691231,0,-0.019825223833322525,-0.0394541434943676,0.9990249276161194,0,-0.019526999443769455,0.46268200874328613,0,1,0.9766960144042969,0.21025902032852173,-0.04307183623313904,0,-0.2067444622516632,0.9755751490592957,0.07422449439764023,0,0.05762622132897377,-0.06358994543552399,0.9963109493255615,0,0,0.8969519734382629,0,1,0.9775398373603821,-0.2106768786907196,-0.0056258440017700195,0,0.2106044739484787,0.9755089282989502,0.0634712353348732,0,-0.007883858866989613,-0.0632304698228836,0.9979680776596069,0,0.08578500151634216,0.5953440070152283,0,1,0.9874800443649292,0.15713472664356232,0.01381194032728672,0,-0.15750661492347717,0.986996054649353,0.03209484741091728,0,-0.008589118719100952,-0.03386850655078888,0.9993890523910522,0,-0.07912600040435791,0.5678529739379883,0,1,-0.2626895010471344,0.01668751984834671,0.9647359848022461,0,-0.9205267429351807,-0.30399349331855774,-0.24539335072040558,0,0.28917863965034485,-0.9525282979011536,0.09521723538637161,0,-0.6561779975891113,1.4430400133132935,-0.06160899996757507,1,0.9424025416374207,0.26775118708610535,0.20046758651733398,0,-0.33174192905426025,0.8247612714767456,0.45794758200645447,0,-0.042721908539533615,-0.4980745017528534,0.8660814166069031,0,0,1.495182991027832,0,1,-0.3684327006340027,-0.9252611398696899,0.09027847647666931,0,0.9257133603096008,-0.3740689754486084,-0.05592017620801926,0,0.08551111072301865,0.0629691407084465,0.994345486164093,0,0,3.1834919452667236,0,1,0.3224965035915375,-0.11744480580091476,0.9392564296722412,0,-0.42469656467437744,0.8688393235206604,0.2544606924057007,0,-0.8459482192993164,-0.48096179962158203,0.2303193211555481,0,0,2.819844961166382,0,1,0.8996971845626831,-0.4363988935947418,-0.010075267404317856,0,0.4316098690032959,0.8928003907203674,-0.12892189621925354,0,0.06525653600692749,0.1116420179605484,0.9916034936904907,0,0.2759990096092224,0.4979900121688843,0,1,0.984032154083252,0.17233319580554962,-0.04452179744839668,0,-0.15189583599567413,0.943455696105957,0.29465001821517944,0,0.09278234094381332,-0.2831824719905853,0.9545676112174988,0,0.054754000157117844,0.4521830081939697,0,1,0.999025285243988,-0.0339229479432106,-0.028261594474315643,0,0.035138100385665894,0.9984281659126282,0.0436713807284832,0,0.026735682040452957,-0.044621821492910385,0.9986459016799927,0,0.002435999922454357,0.47156599164009094,0,1,0.968122124671936,-0.24815677106380463,0.034033894538879395,0,0.2419091910123825,0.9615639448165894,0.12989899516105652,0,-0.06496109813451767,-0.11752498894929886,0.9909429550170898,0,0,0.9721270203590393,0,1,0.998894989490509,0.046266838908195496,-0.008282976225018501,0,-0.04496515542268753,0.9919639229774475,0.11826207488775253,0,0.013688023202121258,-0.11775892227888107,0.9929479956626892,0,-0.06733100116252899,0.5684720277786255,0,1,0.9983540773391724,-0.05726303905248642,0.003323125885799527,0,0.05696496367454529,0.9966059923171997,0.05942806974053383,0,-0.006714874412864447,-0.05914091318845749,0.9982270002365112,0,0.03313799947500229,0.5351600050926208,0,1,-0.9878794550895691,0.06693504750728607,0.14004893600940704,0,-0.011885229498147964,-0.9322159290313721,0.3617074489593506,0,0.15476670861244202,0.35565871000289917,0.9217121005058289,0,1.0567330121994019,-0.6451150178909302,-0.23938700556755066,1,0.9974654912948608,0.05692595988512039,0.042682748287916183,0,-0.016070660203695297,0.7646466493606567,-0.644248902797699,0,-0.0693117156624794,0.641930103302002,0.7636234760284424,0,0,5.242112159729004,0,1,0.9866912364959717,0.14911340177059174,0.06485451012849808,0,-0.11720811575651169,0.3757455050945282,0.9192811846733093,0,0.11270833015441895,-0.9146479368209839,0.38822200894355774,0,0,5.137761116027832,0,1,0.9705822467803955,-0.054039329290390015,0.23462529480457306,0,-0.1481090933084488,0.6342865228652954,0.7587778568267822,0,-0.1898236721754074,-0.7712070345878601,0.6076239943504333,0,0,1.9926340579986572,0,1,-0.9878852963447571,-0.10553614795207977,-0.11377335339784622,0,0.0811234638094902,-0.976199209690094,0.20113347470760345,0,-0.1322922259569168,0.18946699798107147,0.9729337096214294,0,-1.0567330121994019,-0.6451150178909302,-0.17966599762439728,1,0.9972802400588989,-0.071064293384552,-0.0195385180413723,0,0.05487591773271561,0.8929463028907776,-0.44680625200271606,0,0.04919881746172905,0.4445188343524933,0.894417405128479,0,0,5.242802143096924,0,1,0.9972680807113647,-0.04407959431409836,-0.059275370091199875,0,0.07024773955345154,0.31777578592300415,0.9455597400665283,0,-0.022843625396490097,-0.9471410512924194,0.32000431418418884,0,0,5.137811183929443,0,1,0.9738844037055969,0.016345221549272537,-0.22645330429077148,0,0.13458068668842316,0.7617331147193909,0.6337586641311646,0,0.1828559786081314,-0.6476842164993286,0.7396405935287476,0,0,1.9670729637145996,0,1
K0.068,0.9282562136650085,-0.0936102345585823,-0.35996729135513306,0,0.1288256049156189,0.9888222217559814,0.0750603899359703,0,0.3489174246788025,-0.11604832857847214,0.9299402236938477,0,0.21879597008228302,11.818236351013184,0.3075456917285919,1,0.9828470945358276,0.08076551556587219,0.16579735279083252,0,-0.019582848995923996,0.9396273493766785,-0.34163719415664673,0,-0.18338032066822052,0.3325304687023163,0.9250921010971069,0,0,1.1614660024642944,-0.17178399860858917,1,0.9986559152603149,0.03944601118564606,0.0336320661008358,0,-0.04233849048614502,0.995028018951416,0.09014306962490082,0,-0.02990906313061714,-0.09144583344459534,0.9953606128692627,0,0,1.369784951210022,0,1,0.9987186193466187,0.0366823635995388,0.03487491235136986,0,-0.03971898928284645,0.9950777888298035,0.09078991413116455,0,-0.03137283772230148,-0.0920587033033371,0.9952588677406311,0,0,1.5654679536819458,0,1,0.9985060095787048,0.010045139119029045,0.05370466783642769,0,-0.019797442480921745,0.982673704624176,0.1842813789844513,0,-0.05092306062579155,-0.18506941199302673,0.9814050793647766,0,0,1.7611509561538696,0,1,0.9772531986236572,-0.0553431361913681,0.20472736656665802,0,0.02390342950820923,0.9879425764083862,0.15296508371829987,0,-0.21072445809841156,-0.14459192752838135,0.9667929410934448,0,0,0.9798849821090698,0.3119800090789795,1,0.03324130177497864,0.016678504645824432,-0.9993081092834473,0,0.9935246706008911,-0.10924496501684189,0.031225649639964104,0,-0.10864847898483276,-0.9938746094703674,-0.020201975479722023,0,0.6561779975891113,1.4388259649276733,-0.03311299905180931,1,0.5716675519943237,0.7959802150726318,-0.19902577996253967,0,-0.601513683795929,0.5715560913085938,0.5581260919570923,0,0.5580118298530579,-0.1993458867073059,0.8055331707000732,0,0,1.495182991027832,0,1,-0.28195542097091675,0.9512383937835693,-0.12508632242679596,0,-0.9517413377761841,-0.29377901554107666,-0.08878079801797867,0,-0.12119944393634796,0.09401760250329971,0.9881654977798462,0,0,3.1777119636535645,0,1,0.34935417771339417,-0.09007176756858826,-0.9326514005661011,0,-0.635866105556488,0.7082924246788025,-0.30658790469169617,0,0.6882053017616272,0.7001495957374573,0.19017146527767181,0,0,2.8114230632781982,0,1,0.8919320702552795,0.4520339071750641,0.011098154820501804,0,-0.44924196600914,0.8886777758598328,-0.09183121472597122,0,-0.051373500376939774,0.07692144811153412,0.9957126975059509,0,-0.23947900533676147,0.4703890085220337,0,1,0.9829399585723877,-0.1804453283548355,0.03561113029718399,0,0.16821067035198212,0.9602541327476501,0.22274965047836304,0,-0.07438986748456955,-0.21295934915542603,0.9742249250411987,0,-0.03739999979734421,0.42061299085617065,0,1,0.9974019527435303,0.0684361457824707,0.022495273500680923,0,-0.06925690919160843,0.996874988079071,0.03799488767981529,0,-0.019824756309390068,-0.0394541397690773,0.9990249276161194,0,-0.019526999443769455,0.46268200874328613,0,1,0.9767146706581116,0.21016880869865417,-0.04309109225869179,0,-0.20665836334228516,0.9756006002426147,0.07413503527641296,0,0.057620566338300705,-0.06350363790988922,0.9963165521621704,0,0,0.8969519734382629,0,1,0.9775128364562988,-0.21079988777637482,-0.005617307033389807,0,0.21072757244110107,0.9754891991615295,0.0633566752076149,0,-0.007875964045524597,-0.06311573833227158,0.9979754686355591,0,0.08578500151634216,0.5953440070152283,0,1,0.9874899387359619,0.15707387030124664,0.013811060227453709,0,-0.15744532644748688,0.9870081543922424,0.032037362456321716,0,-0.008599395863711834,-0.0338110588490963,0.9993911385536194,0,-0.07912600040435791,0.5678529739379883,0,1,-0.2889999449253082,0.018915973603725433,0.9571421146392822,0,-0.9097168445587158,-0.3168075680732727,-0.26841920614242554,0,0.2981523275375366,-0.9483011960983276,0.10876546055078506,0,-0.6561779975891113,1.4430400133132935,-0.06160899996757507,1,0.9324146509170532,0.33569422364234924,0.13383398950099945,0,-0.359434574842453,0.8229702115058899,0.43991604447364807,0,0.037535905838012695,-0.4582890570163727,0.8880102634429932,0,0,1.495182991027832,0,1,-0.3081522583961487,-0.9473835229873657,0.08663655817508698,0,0.9478470087051392,-0.3135391175746918,-0.05725707486271858,0,0.08140837401151657,0.06447431445121765,0.9945927262306213,0,0,3.1834919452667236,0,1,0.3302195370197296,-0.029513418674468994,0.9434421062469482,0,-0.4229796230792999,0.8889104723930359,0.1758570373058319,0,-0.8438262939453125,-0.45712852478027344,0.28105220198631287,0,0,2.819844961166382,0,1,0.9247027039527893,-0.37904495000839233,-0.03536461666226387,0,0.3759036660194397,0.9238112568855286,-0.07258269935846329,0,0.06018233671784401,0.05382372811436653,0.9967350959777832,0,0.2759990096092224,0.4979900121688843,0,1,0.9620416164398193,0.2676028907299042,-0.05352027714252472,0,-0.22925855219364166,0.8988795876502991,0.3734380602836609,0,0.14804135262966156,-0.3469929099082947,0.9261096119880676,0,0.054754000157117844,0.4521830081939697,0,1,0.9987102150917053,0.012164241634309292,-0.04929342120885849,0,-0.008050034753978252,0.9965317845344543,0.08281838893890381,0,0.050129927694797516,-0.08231481909751892,0.9953451752662659,0,0.002435999922454357,0.47156599164009094,0,1,0.9681219458580017,-0.24815624952316284,0.034033916890621185,0,0.2419087439775467,0.9615640640258789,0.12989898025989532,0,-0.06496106833219528,-0.11752500385046005,0.9909429550170898,0,0,0.9721270203590393,0,1,0.998894989490509,0.046266838908195496,-0.008282976225018501,0,-0.04496515542268753,0.9919639229774475,0.11826207488775253,0,0.013688023202121258,-0.11775892227888107,0.9929479956626892,0,-0.06733100116252899,0.5684720277786255,0,1,0.9983540773391724,-0.05726303905248642,0.0033231403212994337,0,0.05696496739983559,0.9966060519218445,0.05942756310105324,0,-0.006714859511703253,-0.0591404028236866,0.9982269406318665,0,0.03313799947500229,0.5351600050926208,0,1,-0.9894198179244995,0.02819843217730522,0.14231306314468384,0,0.03887778893113136,-0.8935185074806213,0.44733959436416626,0,0.1397736817598343,0.44813963770866394,0.8829689025878906,0,1.0567330121994019,-0.6451150178909302,-0.23938700556755066,1,0.9961234331130981,-0.026145292446017265,-0.08398909121751785,0,-0.04387817904353142,0.6798522472381592,-0.732035756111145,0,0.07623941451311111,0.7328829169273376,0.6760692000389099,0,0,5.242112159729004,0,1,0.985211193561554,0.16339609026908875,0.051575250923633575,0,-0.12150577455759048,0.45401957631111145,0.8826681971549988,0,0.12080837786197662,-0.875881552696228,0.46715888381004333,0,0,5.137761116027832,0,1,0.9685381650924683,-0.08149668574333191,0.2351442277431488,0,-0.15892042219638824,0.524587869644165,0.8363917469978333,0,-0.19151686131954193,-0.847446084022522,0.49513164162635803,0,0,1.9926340579986572,0,1,-0.9834096431732178,-0.1216089129447937,-0.13459521532058716,0,0.09520354121923447,-0.977604866027832,0.18768417835235596,0,-0.15440496802330017,0.17175646126270294,0.9729635119438171,0,-1.0567330121994019,-0.6451150178909302,-0.17966599762439728,1,0.9977737665176392,-0.018438134342432022,-0.06408433616161346,0,-0.008819453418254852,0.9160838723182678,-0.4008888304233551,0,0.06609833240509033,0.40056195855140686,0.9138827323913574,0,0,5.242802143096924,0,1,0.9945675134658813,-0.08046016842126846,-0.0660417303442955,0,0.08757337182760239,0.3037981688976288,0.9487028121948242,0,-0.056269437074661255,-0.9493324756622314,0.3091939389705658,0,0,5.137811183929443,0,1,0.974410891532898,0.010170520283281803,-0.22454190254211426,0,0.13225065171718597,0.7818172574043274,0.6093204617500305,0,0.18174786865711212,-0.6234244704246521,0.7604663372039795,0,0,1.9670729637145996,0,1
K0.101,0.928676962852478,-0.12860170006752014,-0.3478810787200928,0,0.1655077040195465,0.9830870628356934,0.07840757071971893,0,0.3319137394428253,-0.1303921788930893,0.934253990650177,0,0.22399835288524628,11.753132820129395,0.3293650448322296,1,0.9858224987983704,0.10861565172672272,0.1278941035270691,0,-0.057431794703006744,0.934601366519928,-0.3510308563709259,0,-0.1576574444770813,0.33870890736579895,0.9275889992713928,0,0,1.1614660024642944,-0.17178399860858917,1,0.9988157749176025,0.04011988267302513,0.027539948001503944,0,-0.04226449877023697,0.9957109689712524,0.08230369538068771,0,-0.02411980740725994,-0.0833701640367508,0.9962272047996521,0,0,1.369784951210022,0,1,0.9988669157028198,0.03816666081547737,0.028445761650800705,0,-0.04040384665131569,0.9957522749900818,0.08273731917142868,0,-0.02516712062060833,-0.08379287272691727,0.996165931224823,0,0,1.5654679536819458,0,1,0.9982123374938965,0.007232819218188524,0.05932718515396118,0,-0.018513385206460953,0.9812460541725159,0.19187010824680328,0,-0.05682680383324623,-0.19262543320655823,0.9796257615089417,0,0,1.7611509561538696,0,1,0.9721508026123047,-0.041276201605796814,0.23069269955158234,0,0.0053613316267728806,0.9880272746086121,0.15418775379657745,0,-0.2342948317527771,-0.14865684509277344,0.9607322216033936,0,0,0.9798849821090698,0.3119800090789795,1,0.029772529378533363,0.015279876068234444,-0.9994402527809143,0,0.994841992855072,-0.09745073318481445,0.02814565785229206,0,-0.09696613252162933,-0.9951229691505432,-0.018102390691637993,0,0.6561779975891113,1.4388259649276733,-0.03311299905180931,1,0.5099276900291443,0.8135299682617188,-0.2795403003692627,0,-0.6457264423370361,0.5767073631286621,0.5004464387893677,0,0.5683413147926331,-0.07468494027853012,0.8193970322608948,0,0,1.495182991027832,0,1,-0.29579636454582214,0.9468550682067871,-0.12637761235237122,0,-0.9473549127578735,-0.30774757266044617,-0.08837173879146576,0,-0.1225675418972969,0.09358435869216919,0.9880377054214478,0,0,3.1777119636535645,0,1,0.28305819630622864,-0.20113399624824524,-0.9377762079238892,0,-0.6399684548377991,0.6886566281318665,-0.34087079763412476,0,0.7143658995628357,0.6966329216957092,0.06621044129133224,0,0,2.8114230632781982,0,1,0.8918934464454651,0.4521101713180542,0.011040176264941692,0,-0.4493167996406555,0.8886281251907349,-0.0919497013092041,0,-0.05138200521469116,0.07704879343509674,0.9957021474838257,0,-0.23947900533676147,0.4703890085220337,0,1,0.9829400777816772,-0.1804458200931549,0.03561108559370041,0,0.16821114718914032,0.9602540731430054,0.22274966537952423,0,-0.07438991963863373,-0.21295933425426483,0.9742249250411987,0,-0.03739999979734421,0.42061299085617065,0,1,0.997402012348175,0.06843707710504532,0.02249579317867756,0,-0.06925787776708603,0.996874988079071,0.03799532726407051,0,-0.019825207069516182,-0.0394546315073967,0.9990250468254089,0,-0.019526999443769455,0.46268200874328613,0,1,0.9772409796714783,0.20759554207324982,-0.0436335951089859,0,-0.20420008897781372,0.9763067364692688,0.07160128653049469,0,0.05746391788125038,-0.06106176599860191,0.9964787364006042,0,0,0.8969519734382629,0,1,0.9769230484962463,-0.2135205864906311,-0.005437087267637253,0,0.21345154941082,0.9750586152076721,0.060813017189502716,0,-0.007683360017836094,-0.06057025119662285,0.9981344938278198,0,0.08578500151634216,0.5953440070152283,0,1,0.9877038598060608,0.15572549402713776,0.013786837458610535,0,-0.15608558058738708,0.9872644543647766,0.030759843066334724,0,-0.008821161463856697,-0.032533541321754456,0.9994314312934875,0,-0.07912600040435791,0.5678529739379883,0,1,-0.2945915758609772,0.022395597770810127,0.9553611278533936,0,-0.9082656502723694,-0.3173752427101135,-0.2726294994354248,0,0.29710203409194946,-0.9480351805686951,0.11383718997240067,0,-0.6561779975891113,1.4430400133132935,-0.06160899996757507,1,0.9248396754264832,0.37394875288009644,0.06952354311943054,0,-0.36456298828125,0.8193780779838562,0.44239580631256104,0,0.10846731066703796,-0.43449094891548157,0.8941213488578796,0,0,1.495182991027832,0,1,-0.23194341361522675,-0.9692645072937012,0.0820324718952179,0,0.9697389006614685,-0.2370147854089737,-0.05858004093170166,0,0.07622238993644714,0.0659627616405487,0.9949065446853638,0,0,3.1834919452667236,0,1,0.32872918248176575,0.023585952818393707,0.9441301226615906,0,-0.4179750978946686,0.9000867605209351,0.12304579466581345,0,-0.8468970060348511,-0.4350716769695282,0.30574318766593933,0,0,2.819844961166382,0,1,0.948236882686615,-0.3120022416114807,-0.05916714668273926,0,0.3120870888233185,0.9500194787979126,-0.008040076121687889,0,0.05871850624680519,-0.010841412469744682,0.9982160925865173,0,0.2759990096092224,0.4979900121688843,0,1,0.9209777116775513,0.3859924376010895,-0.05301320180296898,0,-0.3178136646747589,0.8229725360870361,0.4708612859249115,0,0.22537736594676971,-0.41680455207824707,0.8806132674217224,0,0.054754000157117844,0.4521830081939697,0,1,0.994695782661438,0.07203549146652222,-0.07342003285884857,0,-0.061748769134283066,0.9890756607055664,0.13385054469108582,0,0.08226003497838974,-0.12860709428787231,0.9882783889770508,0,0.002435999922454357,0.47156599164009094,0,1,0.9681219458580017,-0.24815624952316284,0.034033916890621185,0,0.2419087439775467,0.9615640640258789,0.12989898025989532,0,-0.06496106833219528,-0.11752500385046005,0.9909429550170898,0,0,0.9721270203590393,0,1,0.998894989490509,0.046266838908195496,-0.008282977156341076,0,-0.04496515914797783,0.9919639229774475,0.11826203018426895,0,0.013688022270798683,-0.11775887757539749,0.9929479956626892,0,-0.06733100116252899,0.5684720277786255,0,1,0.9983540773391724,-0.05726303905248642,0.003323152894154191,0,0.05696495994925499,0.9966059327125549,0.05942711606621742,0,-0.0067148469388484955,-0.05913996323943138,0.9982270002365112,0,0.03313799947500229,0.5351600050926208,0,1,-0.9829825162887573,-0.031519584357738495,0.18097613751888275,0,0.12756849825382233,-0.826006293296814,0.5490350127220154,0,0.13218209147453308,0.5627787113189697,0.8159708380699158,0,1.0567330121994019,-0.6451150178909302,-0.23938700556755066,1,0.9841992259025574,-0.08235466480255127,-0.15675011277198792,0,-0.08489373326301575,0.557409405708313,-0.8258853554725647,0,0.15538948774337769,0.8261427283287048,0.5416104793548584,0,0,5.242112159729004,0,1,0.9997071027755737,0.023744862526655197,-0.004664928186684847,0,-0.008685847744345665,0.5320311188697815,0.8466804027557373,0,0.022586196660995483,-0.8463919758796692,0.5320816040039062,0,0,5.137761116027832,0,1,0.9675586819648743,-0.10185414552688599,0.23120395839214325,0,-0.16784965991973877,0.4248226583003998,0.889579713344574,0,-0.18882809579372406,-0.8995283246040344,0.39394474029541016,0,0,1.9926340579986572,0,1,-0.973067045211792,-0.14543312788009644,-0.1788567751646042,0,0.11123878508806229,-0.9757997989654541,0.18825578689575195,0,-0.2019069939851761,0.16328966617584229,0.9656962752342224,0,-1.0567330121994019,-0.6451150178909302,-0.17966599762439728,1,0.9989303350448608,0.021765513345599174,-0.040789321064949036,0,-0.03578045964241028,0.9226745963096619,-0.3839167356491089,0,0.02927912212908268,0.3849654495716095,0.9224662780761719,0,0,5.242802143096924,0,1,0.994587779045105,-0.07857754826545715,-0.0679716095328331,0,0.0885147675871849,0.29827553033828735,0.9503664970397949,0,-0.05440323054790497,-0.9512401223182678,0.3036166727542877,0,0,5.137811183929443,0,1,0.9748913049697876,0.004621217027306557,-0.22263498604297638,0,0.13016793131828308,0.7993615865707397,0.5865817666053772,0,0.1806764453649521,-0.6008329391479492,0.7786885499954224,0,0,1.9670729637145996,0,1
