0.700,30,20,41
B0,mixamorig_Hips,-1,0.997531533241272,-0.046869680285453796,-0.05107562988996506,0,0.05140776187181473,0.9944297671318054,0.09149089455604553,0,0.0465049147605896,-0.09395314007997513,0.9944748878479004,0,0.045035168528556824,10.962318420410156,0.306103378534317,1
B1,mixamorig_Spine,0,0.9989005923271179,0.032138075679540634,-0.03204631432890892,0,-0.034303322434425354,0.9970763921737671,-0.06813672930002213,0,0.029773447662591934,0.06913111358880997,0.9970922470092773,0,0,1.243499994277954,-0.18979999423027039,1
B2,mixamorig_Spine1,1,0.9970304369926453,0.04164518043398857,-0.06104765087366104,0,-0.03120158612728119,0.9857515692710876,0.1650688350200653,0,0.06709372997283936,-0.16279323399066925,0.9841328263282776,0,0,1.4675999879837036,0,1
B3,mixamorig_Spine2,2,0.9970304369926453,0.04164518043398857,-0.06104765087366104,0,-0.03120158612728119,0.9857515692710876,0.1650688350200653,0,0.06709416210651398,-0.16279323399066925,0.9841328263282776,0,0,1.6771999597549438,0,1
B4,mixamorig_Neck,3,0.9975863099098206,-0.015336407348513603,0.06662597507238388,0,0.014033662155270576,0.9996817111968994,0.020170191302895546,0,-0.06690854579210281,-0.019127190113067627,0.9975170493125916,0,0,1.8868999481201172,0,1
B5,mixamorig_Head,4,0.9809854030609131,-0.04930594936013222,0.1843695342540741,0,0.08688463270664215,0.9743860960006714,-0.2061288207769394,0,-0.16949039697647095,0.21824005246162415,0.9601389169692993,0,0,0.921999990940094,0.3714999854564667,1
B6,mixamorig_HeadTop_End,5,1,0,0,0,0,1,0,0,0,0,1,0,0,2.7967000007629395,1.1268999576568604,1
B7,mixamorig_LeftShoulder,3,-0.024590643122792244,0.014895828440785408,-0.9995641708374023,0,0.9459050893783569,-0.3231079578399658,-0.02809673547744751,0,-0.3233889043331146,-0.9462262392044067,-0.006182475946843624,0,0.6535999774932861,1.5856000185012817,-0.03500000014901161,1
B8,mixamorig_LeftArm,7,0.8116145730018616,-0.3112850487232208,-0.4937339723110199,0,0.5826765298843384,0.48216137290000916,0.6533268094062805,0,0.03530808165669441,-0.8184335231781006,0.5728600025177002,0,0,1.433899998664856,0,1
B9,mixamorig_LeftForeArm,8,-0.1873735636472702,0.9754278063774109,-0.0985637977719307,0,-0.9724123477935791,-0.17187555134296417,0.14423306286334991,0,0.12527276575565338,0.12208089232444763,0.9841965436935425,0,0,3.4209001064300537,0,1
B10,mixamorig_LeftHand,9,0.5368221402168274,0.2006589025259018,-0.8192569017410278,0,-0.34864088892936707,0.9372404217720032,0.0010289304191246629,0,0.7680410742759705,0.285155713558197,0.5730880498886108,0,0,2.5490000247955322,0,1
B11,mixamorig_LeftHandThumb1,10,0.7416899800300598,0.6697540283203125,0.036403439939022064,0,-0.6667349934577942,0.7420960068702698,-0.0689850002527237,0,-0.07321800291538239,0.02689399942755699,0.996953010559082,0,-0.3052999973297119,0.5015000104904175,0,1
B12,mixamorig_LeftHandThumb2,11,0.9945499897003174,-0.10423199832439423,0.0023169999476522207,0,0.10244499891996384,0.981141984462738,0.16390499472618103,0,-0.019356999546289444,-0.16277499496936798,0.986473023891449,0,-0.05590000003576279,0.46630001068115234,0,1
B13,mixamorig_LeftHandThumb3,12,0.9868339896202087,0.1616619974374771,0.004860999993979931,0,-0.16166000068187714,0.9868460297584534,-0.0007089999853633344,0,-0.004912000149488449,-0.00008600000001024455,0.9999880194664001,0,-0.008700000122189522,0.4968999922275543,0,1
B14,mixamorig_LeftHandThumb4,13,1,0,0,0,0,1,0,0,0,0,1,0,0.06459999829530716,0.44279998540878296,0,1
B15,mixamorig_LeftHandIndex1,10,0.4031209647655487,0.8203448057174683,0.40547871589660645,0,-0.8230637907981873,0.13141901791095734,0.5523828268051147,0,0.39994075894355774,-0.556412935256958,0.7282840609550476,0,0,1.126099944114685,0,1
B16,mixamorig_LeftHandIndex2,15,0.514445960521698,0.7441116571426392,0.4260595440864563,0,-0.7861660122871399,0.21101133525371552,0.5807317495346069,0,0.34230270981788635,-0.633723258972168,0.6936659216880798,0,0.06019999831914902,0.5512999892234802,0,1
B17,mixamorig_LeftHandIndex3,16,0.999888002872467,-0.014909000135958195,-0.0014494399074465036,0,0.014909000135958195,0.9998890161514282,-0.000097999996796716,0,0.0014509999891743064,0.00007599999662488699,0.9999989867210388,0,-0.02630000002682209,0.4993000030517578,0,1
B18,mixamorig_LeftHandIndex4,17,1,0,0,0,0,1,0,0,0,0,1,0,-0.033900000154972076,0.5012000203132629,0,1
B19,mixamorig_RightShoulder,3,0.049327488988637924,-0.007648675236850977,0.9986403584480286,0,-0.9407057166099548,-0.3359851837158203,0.04394027963280678,0,0.33518508076667786,-0.9418025612831116,-0.023658251389861107,0,-0.6535999774932861,1.5888999700546265,-0.05640000104904175,1
B20,mixamorig_RightArm,19,0.9691022634506226,0.10212801396846771,0.2163681983947754,0,-0.22454211115837097,0.6999862194061279,0.6752935647964478,0,-0.08267676830291748,-0.7057138085365295,0.7036422491073608,0,0,1.433899998664856,0,1
B21,mixamorig_RightForeArm,20,-0.01517853420227766,-0.9994991421699524,-0.00563344219699502,0,0.9993191361427307,-0.015134972520172596,0.013999675400555134,0,-0.014289136976003647,-0.0058329543098807335,0.999726414680481,0,0,3.4258999824523926,0,1
B22,mixamorig_RightHand,21,0.6860833168029785,-0.10245418548583984,0.7202511429786682,0,0.11576547473669052,0.9927277565002441,0.03089183382689953,0,-0.7181609869003296,0.062167759984731674,0.6930038928985596,0,0,2.5566999912261963,0,1
B23,mixamorig_RightHandThumb1,22,0.7852392792701721,-0.619053840637207,-0.013073738664388657,0,0.6190901398658752,0.7853177785873413,-0.001548224943690002,0,0.011226316913962364,-0.006878844927996397,0.9999129176139832,0,0.32109999656677246,0.5680999755859375,0,1
B24,mixamorig_RightHandThumb2,23,0.9992933869361877,0.03676882013678551,-0.006814654916524887,0,-0.035423777997493744,0.9891461133956909,0.14249187707901,0,0.011995293200016022,-0.14215107262134552,0.9897638559341431,0,0.07090000063180923,0.5171999931335449,0,1
B25,mixamorig_RightHandThumb3,24,0.9828640222549438,-0.18432442843914032,0.0017685600323602557,0,0.1843239963054657,0.9828649759292603,0.0003239999932702631,0,-0.0017979999538511038,0.000007999999979801942,0.9999979734420776,0,0.002099999925121665,0.48890000581741333,0,1
B26,mixamorig_RightHandThumb4,25,1,0,0,0,0,1,0,0,0,0,1,0,-0.0729999989271164,0.3986999988555908,0,1
B27,mixamorig_RightHandIndex1,22,0.44829562306404114,-0.8353332877159119,-0.3181423842906952,0,0.7719539999961853,0.18237406015396118,0.608917236328125,0,-0.45065048336982727,-0.5185660123825073,0.7266296148300171,0,0,1.1476999521255493,0,1
B28,mixamorig_RightHandIndex2,27,0.4355226159095764,-0.7863844633102417,-0.43804535269737244,0,0.8198408484458923,0.14560657739639282,0.5537263751029968,0,-0.3716796934604645,-0.6002921462059021,0.708160400390625,0,-0.07559999823570251,0.5893999934196472,0,1
B29,mixamorig_RightHandIndex3,28,0.9984909892082214,-0.05447499826550484,-0.00698600010946393,0,0.054478999227285385,0.9985150098800659,0.00033000000985339284,0,0.006957999896258116,-0.0007099999929778278,0.9999759793281555,0,0.05590000003576279,0.5479999780654907,0,1
B30,mixamorig_RightHandIndex4,29,1,0,0,0,0,1,0,0,0,0,1,0,0.019700000062584877,0.41749998927116394,0,1
B31,mixamorig_LeftUpLeg,0,-0.9980801939964294,0.03696509823203087,0.04655905067920685,0,0.0028074695728719234,-0.7366722822189331,0.6721271872520447,0,0.0594375841319561,0.6710161566734314,0.7351067066192627,0,1.0032999515533447,-0.6909000277519226,-0.18359999358654022,1
B32,mixamorig_LeftLeg,31,0.9832422137260437,0.1721419245004654,-0.03850651904940605,0,-0.014271952211856842,-0.11953504383563995,-0.9867130517959595,0,-0.17796900868415833,0.9713022112846375,-0.11401977390050888,0,0,5.205699920654297,0,1
B33,mixamorig_LeftFoot,32,0.9908694624900818,0.007052566856145859,0.05966756120324135,0,-0.060747791081666946,0.2657397389411926,0.9604054689407349,0,-0.010017992928624153,-0.9567413926124573,0.2703884541988373,0,0,4.772900104522705,0,1
B34,mixamorig_LeftToeBase,33,0.9782116413116455,0.003789649112150073,0.16969244182109833,0,-0.10078106820583344,0.8155730962753296,0.5680130124092102,0,-0.13666197657585144,-0.5698390603065491,0.8026391863822937,0,0,1.9780000448226929,0,1
B35,mixamorig_LeftToe_End,34,1,0,0,0,0,1,0,0,0,0,1,0,0,0.7515000104904175,0,1
B36,mixamorig_RightUpLeg,0,-0.9916446208953857,-0.07265669107437134,-0.10029871761798859,0,0.06152966246008873,-0.9742795825004578,0.13914324343204498,0,-0.11210650205612183,0.13222533464431763,0.9707320332527161,0,-1.0032999515533447,-0.6909000277519226,-0.11180000007152557,1
B37,mixamorig_RightLeg,36,0.99814373254776,0.017215576022863388,0.04566211253404617,0,0.012793316505849361,0.7294253706932068,-0.666154146194458,0,-0.04715453460812569,0.6659907698631287,0.7275768518447876,0,0,5.208700180053711,0,1
B38,mixamorig_RightFoot,37,0.9932330250740051,-0.0809655413031578,-0.08286100625991821,0,0.09648175537586212,0.17758944630622864,0.9777818918228149,0,-0.06459567695856094,-0.9791584014892578,0.18419267237186432,0,0,4.774499893188477,0,1
B39,mixamorig_RightToeBase,38,0.9834780097007751,0.18037299811840057,-0.004766625817865133,0,-0.11178246140480042,0.6284658908843994,0.7670843601226807,0,0.14225983619689941,-0.7539020776748657,0.6383275389671326,0,0,1.9818999767303467,0,1
B40,mixamorig_RightToe_End,39,1,0,0,0,0,1,0,0,0,0,1,0,0,0.7491999864578247,0,1
@34,0,1,2,3,4,5,7,8,9,10,11,12,13,15,16,17,19,20,21,22,23,24,25,27,28,29,31,32,33,34,36,37,38,39
K0.000,0.996658980846405,-0.05727199837565422,-0.05823399871587753,0,0.062424998730421066,0.9939000010490417,0.09091799706220627,0,0.052671998739242554,-0.09425000101327896,0.9941539764404297,0,0.016753999516367912,10.826682090759277,0.20565299689769745,1,0.9991610050201416,0.036072999238967896,-0.01940999925136566,0,-0.03725200146436691,0.9972360134124756,-0.0642779991030693,0,0.017038000747561455,0.06494700163602829,0.9977430105209351,0,0,1.243499994277954,-0.18979999423027039,1,0.998354971408844,0.0440169982612133,-0.03674500063061714,0,-0.03704399988055229,0.9842960238456726,0.1725970059633255,0,0.043765000998973846,-0.17095200717449188,0.9843069911003113,0,0,1.4675999879837036,0,1,0.998354971408844,0.0440169982612133,-0.03674500063061714,0,-0.03704399988055229,0.9842960238456726,0.1725970059633255,0,0.043765999376773834,-0.17095200717449188,0.9843069911003113,0,0,1.6771999597549438,0,1,0.9984650015830994,-0.008719000034034252,0.05469299852848053,0,0.007577000185847282,0.999750018119812,0.021045999601483345,0,-0.05486299842596054,-0.020600000396370888,0.9982810020446777,0,0,1.8868999481201172,0,1,0.9875940084457397,-0.057728998363018036,0.14603599905967712,0,0.0908150002360344,0.9686490297317505,-0.23123900592327118,0,-0.12810799479484558,0.24163199961185455,0.9618740081787109,0,0,0.921999990940094,0.3714999854564667,1,-0.017030000686645508,0.014542999677360058,-0.9997490048408508,0,0.9439550042152405,-0.3294129967689514,-0.020871000364422798,0,-0.32963401079177856,-0.9440739750862122,-0.008117999881505966,0,0.6535999774932861,1.5856000185012817,-0.03500000014901161,1,0.826121985912323,-0.28995299339294434,-0.48316699266433716,0,0.5628229975700378,0.4663589894771576,0.6824510097503662,0,0.02745099924504757,-0.8357250094413757,0.5484610199928284,0,0,1.433899998664856,0,1,-0.25049200654029846,0.9653509855270386,-0.0731550008058548,0,-0.9626759886741638,-0.2403710037469864,0.12440299987792969,0,0.10250800102949142,0.1015859991312027,0.9895309805870056,0,0,3.4209001064300537,0,1,0.5548269748687744,0.202347993850708,-0.8069829940795898,0,-0.3490850031375885,0.9370779991149902,-0.005038000177592039,0,0.7551869750022888,0.28450098633766174,0.5905529856681824,0,0,2.5490000247955322,0,1,0.7416899800300598,0.6697540283203125,0.036403998732566833,0,-0.6667349934577942,0.7420960068702698,-0.0689850002527237,0,-0.07321800291538239,0.02689399942755699,0.996953010559082,0,-0.3052999973297119,0.5015000104904175,0,1,0.9945499897003174,-0.10423199832439423,0.0023169999476522207,0,0.10244499891996384,0.981141984462738,0.16390499472618103,0,-0.019356999546289444,-0.16277499496936798,0.986473023891449,0,-0.05590000003576279,0.46630001068115234,0,1,0.9868339896202087,0.1616619974374771,0.004860999993979931,0,-0.16166000068187714,0.9868460297584534,-0.0007089999853633344,0,-0.004912000149488449,-0.00008600000001024455,0.9999880194664001,0,-0.008700000122189522,0.4968999922275543,0,1,0.3935669958591461,0.8214049935340881,0.41279301047325134,0,-0.8245859742164612,0.11692199856042862,0.553521990776062,0,0.40640100836753845,-0.5582320094108582,0.7233359813690186,0,0,1.126099944114685,0,1,0.5047150254249573,0.746936023235321,0.4328390061855316,0,-0.7896350026130676,0.19679099321365356,0.5811629891395569,0,0.3489130139350891,-0.6351060271263123,0.6891300082206726,0,0.06019999831914902,0.5512999892234802,0,1,0.999888002872467,-0.014909000135958195,-0.001449999981559813,0,0.014909000135958195,0.9998890161514282,-0.000097999996796716,0,0.0014509999891743064,0.00007599999662488699,0.9999989867210388,0,-0.02630000002682209,0.4993000030517578,0,1,0.03240799903869629,-0.006634999997913837,0.9994530081748962,0,-0.9383950233459473,-0.3444159924983978,0.02814199961721897,0,0.34404098987579346,-0.9387940168380737,-0.01738799922168255,0,-0.6535999774932861,1.5888999700546265,-0.05640000104904175,1,0.9530379772186279,0.14591600000858307,0.26538199186325073,0,-0.2900199890136719,0.692093014717102,0.6609799861907959,0,-0.08722099661827087,-0.7069050073623657,0.7019100189208984,0,0,1.433899998664856,0,1,0.014158000238239765,-0.9998940229415894,0.00330400001257658,0,0.9993829727172852,0.01425699982792139,0.03208800032734871,0,-0.032131001353263855,0.002848000032827258,0.9994800090789795,0,0,3.4258999824523926,0,1,0.684095025062561,-0.09710200130939484,0.7229009866714478,0,0.10350900143384933,0.9939929842948914,0.035562001168727875,0,-0.7220110297203064,0.050498999655246735,0.6900359988212585,0,0,2.5566999912261963,0,1,0.7846490144729614,-0.6198059916496277,-0.012884999625384808,0,0.6198300123214722,0.7847319841384888,-0.0025160000659525394,0,0.01167100016027689,-0.006012999918311834,0.9999139904975891,0,0.32109999656677246,0.5680999755859375,0,1,0.9994440078735352,0.03250399976968765,-0.007466000039130449,0,-0.031163999810814857,0.9899420142173767,0.13799799978733063,0,0.011876000091433525,-0.13768799602985382,0.9904040098190308,0,0.07090000063180923,0.5171999931335449,0,1,0.9828640222549438,-0.18432499468326569,0.0017679999582469463,0,0.1843239963054657,0.9828649759292603,0.0003239999932702631,0,-0.0017979999538511038,0.000007999999979801942,0.9999979734420776,0,0.002099999925121665,0.48890000581741333,0,1,0.45366600155830383,-0.8338339924812317,-0.3144969940185547,0,0.7707700133323669,0.18998800218105316,0.6081269979476929,0,-0.44732600450515747,-0.5182909965515137,0.7288849949836731,0,0,1.1476999521255493,0,1,0.4411590099334717,-0.7851629853248596,-0.43462398648262024,0,0.8183779716491699,0.15322500467300415,0.5538769960403442,0,-0.3682880103588104,-0.6000339984893799,0.7101569771766663,0,-0.07559999823570251,0.5893999934196472,0,1,0.9984909892082214,-0.05447499826550484,-0.00698600010946393,0,0.054478999227285385,0.9985150098800659,0.00033000000985339284,0,0.006957999896258116,-0.0007099999929778278,0.9999759793281555,0,0.05590000003576279,0.5479999780654907,0,1,-0.9968889951705933,0.04638500139117241,0.06372900307178497,0,0.002078999998047948,-0.7927659749984741,0.6095229983329773,0,0.07879500091075897,0.6077589988708496,0.7902029752731323,0,1.0032999515533447,-0.6909000277519226,-0.18359999358654022,1,0.9759320020675659,0.203015998005867,-0.07963100075721741,0,-0.029109999537467957,-0.2406110018491745,-0.9701849818229675,0,-0.21612399816513062,0.9491530060768127,-0.22890999913215637,0,0,5.205699920654297,0,1,0.9861729741096497,0.14003300666809082,0.08862599730491638,0,-0.1246889978647232,0.27470800280570984,0.9534090161323547,0,0.10916200280189514,-0.9512760043144226,0.2883700132369995,0,0,4.772900104522705,0,1,0.9641209840774536,-0.10923100262880325,0.24195100367069244,0,-0.050016000866889954,0.820356011390686,0.569661021232605,0,-0.2607100009918213,-0.5613240003585815,0.7854589819908142,0,0,1.9780000448226929,0,1,-0.9930329918861389,-0.09664600342512131,-0.0674239993095398,0,0.06982800364494324,-0.9434909820556641,0.32395899295806885,0,-0.0949229970574379,0.3169940114021301,0.9436650276184082,0,-1.0032999515533447,-0.6909000277519226,-0.11180000007152557,1,0.9999690055847168,0.004207999911159277,0.0067010000348091125,0,0.0027489999774843454,0.6093869805335999,-0.7928680181503296,0,-0.007420000154525042,0.7928619980812073,0.6093569993972778,0,0,5.208700180053711,0,1,0.9935169816017151,-0.07286900281906128,-0.0872580036520958,0,0.0953259989619255,0.11579299718141556,0.9886890053749084,0,-0.0619410015642643,-0.9905970096588135,0.12198799848556519,0,0,4.774499893188477,0,1,0.9846540093421936,0.17340900003910065,-0.019649000838398933,0,-0.10612300038337708,0.6843339800834656,0.721405029296875,0,0.1385439932346344,-0.7082489728927612,0.692234992980957,0,0,1.9818999767303467,0,1
K0.033,0.998216986656189,-0.03869779780507088,-0.045452140271663666,0,0.04275280982255936,0.994845986366272,0.09194094687700272,0,0.041660159826278687,-0.09371993690729141,0.9947270154953003,0,0.06725236773490906,11.068872451782227,0.38501545786857605,1,0.9986960291862488,0.02904687076807022,-0.041973184794187546,0,-0.031986888498067856,0.9969509840011597,-0.07116807997226715,0,0.039778195321559906,0.07241807878017426,0.9965810179710388,0,0,1.243499994277954,-0.18979999423027039,1,0.9959899187088013,0.039781924337148666,-0.0801393911242485,0,-0.02661188691854477,0.9868950247764587,0.15915483236312866,0,0.08542037010192871,-0.15638384222984314,0.9839959740638733,0,0,1.4675999879837036,0,1,0.9959899187088013,0.039781924337148666,-0.0801393911242485,0,-0.02661188691854477,0.9868950247764587,0.15915483236312866,0,0.08542037010192871,-0.15638384222984314,0.9839959740638733,0,0,1.6771999597549438,0,1,0.9968960285186768,-0.020534928888082504,0.07600031793117523,0,0.019105903804302216,0.9996280074119568,0.019482173025608063,0,-0.07637131959199905,-0.017970174551010132,0.9969169497489929,0,0,1.8868999481201172,0,1,0.9757938385009766,-0.042688947170972824,0.21448369324207306,0,0.08379700779914856,0.9788930416107178,-0.18640269339084625,0,-0.2019997090101242,0.1998637318611145,0.9587758779525757,0,0,0.921999990940094,0.3714999854564667,1,-0.030530152842402458,0.015173004008829594,-0.9994189739227295,0,0.947437047958374,-0.31815484166145325,-0.03377314656972885,0,-0.3184828460216522,-0.9479170441627502,-0.004661961924284697,0,0.6535999774932861,1.5856000185012817,-0.03500000014901161,1,0.8002178072929382,-0.3280431628227234,-0.5020352005958557,0,0.5982731580734253,0.49457547068595886,0.6304473280906677,0,0.04148046672344208,-0.8048496246337891,0.5920274257659912,0,0,1.433899998664856,0,1,-0.1377888172864914,0.9833440184593201,-0.11852450668811798,0,-0.9800610542297363,-0.11806670576334,0.15981121361255646,0,0.14315637946128845,0.13818132877349854,0.9800058603286743,0,0,3.4209001064300537,0,1,0.5226778984069824,0.19933196902275085,-0.828899085521698,0,-0.3482920229434967,0.9373679757118225,0.005795006174594164,0,0.778139054775238,0.28567004203796387,0.5593678951263428,0,0,2.5490000247955322,0,1,0.7416899800300598,0.6697540283203125,0.036403000354766846,0,-0.6667349934577942,0.7420960068702698,-0.0689850002527237,0,-0.07321800291538239,0.02689399942755699,0.996953010559082,0,-0.3052999973297119,0.5015000104904175,0,1,0.9945499897003174,-0.10423199832439423,0.0023169999476522207,0,0.10244499891996384,0.981141984462738,0.16390499472618103,0,-0.019356999546289444,-0.16277499496936798,0.986473023891449,0,-0.05590000003576279,0.46630001068115234,0,1,0.9868339896202087,0.1616619974374771,0.004860999993979931,0,-0.16166000068187714,0.9868460297584534,-0.0007089999853633344,0,-0.004912000149488449,-0.00008600000001024455,0.9999880194664001,0,-0.008700000122189522,0.4968999922275543,0,1,0.4106264114379883,0.8195119500160217,0.39973270893096924,0,-0.8218679428100586,0.14280761778354645,0.551487922668457,0,0.3948657214641571,-0.5549838542938232,0.7321711778640747,0,0,1.126099944114685,0,1,0.5220904350280762,0.7418928742408752,0.4207336902618408,0,-0.7834408283233643,0.22218260169029236,0.5803929567337036,0,0.3371097445487976,-0.6326369643211365,0.6972292065620422,0,0.06019999831914902,0.5512999892234802,0,1,0.999888002872467,-0.014909000135958195,-0.0014489999739453197,0,0.014909000135958195,0.9998890161514282,-0.000097999996796716,0,0.0014509999891743064,0.00007599999662488699,0.9999989867210388,0,-0.02630000002682209,0.4993000030517578,0,1,0.062619149684906,-0.00844500120729208,0.9980019927024841,0,-0.9425209760665894,-0.32936206459999084,0.05635113641619682,0,0.32822802662849426,-0.9441660046577454,-0.028584051877260208,0,-0.6535999774932861,1.5888999700546265,-0.05640000104904175,1,0.9817220568656921,0.0677289292216301,0.17786380648612976,0,-0.17310382425785065,0.7061870098114014,0.68653804063797,0,-0.079106904566288,-0.7047780156135559,0.705003023147583,0,0,1.433899998664856,0,1,-0.03822480887174606,-0.9991889595985413,-0.012654541991651058,0,0.9992689490318298,-0.03822479769587517,-0.00021019965060986578,0,-0.00027287635020911694,-0.012652561999857426,0.9999200105667114,0,0,3.4258999824523926,0,1,0.6876453161239624,-0.10665876418352127,0.7181695103645325,0,0.12539394199848175,0.9917338490486145,0.02722303196787834,0,-0.7151364088058472,0.07133453339338303,0.6953354477882385,0,0,2.5566999912261963,0,1,0.7857030034065247,-0.6184629201889038,-0.013222008012235165,0,0.6185089349746704,0.7857779860496521,-0.0007879576296545565,0,0.010876980610191822,-0.007559037767350674,0.9999120235443115,0,0.32109999656677246,0.5680999755859375,0,1,0.9991750121116638,0.04011918604373932,-0.006302969064563513,0,-0.03877018764615059,0.9885209202766418,0.14602220058441162,0,0.012089008465409279,-0.14565719664096832,0.9892609119415283,0,0.07090000063180923,0.5171999931335449,0,1,0.9828640222549438,-0.1843239963054657,0.0017689999658614397,0,0.1843239963054657,0.9828649759292603,0.0003239999932702631,0,-0.0017979999538511038,0.000007999999979801942,0.9999979734420776,0,0.002099999925121665,0.48890000581741333,0,1,0.4440767467021942,-0.8365110754966736,-0.3210061490535736,0,0.7728840708732605,0.17639267444610596,0.6095380783081055,0,-0.4532621502876282,-0.5187820196151733,0.7248578667640686,0,0,1.1476999521255493,0,1,0.431094765663147,-0.7873440384864807,-0.4407331347465515,0,0.8209900856018066,0.13962167501449585,0.5536080002784729,0,-0.374344140291214,-0.6004949808120728,0.7065919637680054,0,-0.07559999823570251,0.5893999934196472,0,1,0.9984909892082214,-0.05447499826550484,-0.00698600010946393,0,0.054478999227285385,0.9985150098800659,0.00033000000985339284,0,0.006957999896258116,-0.0007099999929778278,0.9999759793281555,0,0.05590000003576279,0.5479999780654907,0,1,-0.9990159869194031,0.029564986005425453,0.033070631325244904,0,0.0033797428477555513,-0.6926060318946838,0.7213079333305359,0,0.044230733066797256,0.7207099199295044,0.6918240785598755,0,1.0032999515533447,-0.6909000277519226,-0.18359999358654022,1,0.988985002040863,0.14788778126239777,-0.006199836265295744,0,-0.0026154390070587397,-0.024419868364930153,-0.999697208404541,0,-0.14799509942531586,0.9887022376060486,-0.023763997480273247,0,0,5.205699920654297,0,1,0.9945589900016785,-0.09741456806659698,0.036918316036462784,0,-0.010516686365008354,0.2586944103240967,0.965901792049408,0,-0.1036437377333641,-0.9610349535942078,0.2562624514102936,0,0,4.772900104522705,0,1,0.9892809987068176,0.09257671982049942,0.11292735487222672,0,-0.14066122472286224,0.8118157386779785,0.5667183995246887,0,-0.03921199589967728,-0.5765283703804016,0.8161356449127197,0,0,1.9780000448226929,0,1,-0.9905539155006409,-0.05381110683083534,-0.1261245310306549,0,0.05501062795519829,-0.9984666109085083,-0.006044819485396147,0,-0.12560556828975677,-0.01292573381215334,0.9919954538345337,0,-1.0032999515533447,-0.6909000277519226,-0.11180000007152557,1,0.9967098236083984,0.027434103190898895,0.07626929134130478,0,0.020683957263827324,0.8237254023551941,-0.5666099190711975,0,-0.07836929708719254,0.566322922706604,0.8204482793807983,0,0,5.208700180053711,0,1,0.9930099844932556,-0.0873260423541069,-0.07940679788589478,0,0.09738969802856445,0.22613567113876343,0.9692134857177734,0,-0.0666811391711235,-0.9701724648475647,0.2330595850944519,0,0,4.774499893188477,0,1,0.9825541377067566,0.1858437955379486,0.00692471070215106,0,-0.11622843146324158,0.5845768451690674,0.8029692769050598,0,0.14517894387245178,-0.7897663712501526,0.5959787368774414,0,0,1.9818999767303467,0,1
K0.067,0.9980610013008118,-0.018493201583623886,-0.05944086238741875,0,0.02362019009888172,0.9959509968757629,0.08674304932355881,0,0.05759584158658981,-0.08797905594110489,0.9944559931755066,0,0.10348064452409744,11.439371109008789,0.5304765701293945,1,0.9980229735374451,0.016137128695845604,-0.06073581427335739,0,-0.020954109728336334,0.996612012386322,-0.07952791452407837,0,0.05924580618739128,0.0806439146399498,0.9949809908866882,0,0,1.243499994277954,-0.18979999423027039,1,0.9923620820045471,0.03251507133245468,-0.11899561434984207,0,-0.01528911292552948,0.9896190166473389,0.1429041624069214,0,0.12240663170814514,-0.13999316096305847,0.9825569987297058,0,0,1.4675999879837036,0,1,0.9923620820045471,0.03251507133245468,-0.11899561434984207,0,-0.01528911292552948,0.9896190166473389,0.1429031640291214,0,0.12240663170814514,-0.13999316096305847,0.9825569987297058,0,0,1.6771999597549438,0,1,0.9940940141677856,-0.013416070491075516,0.10768568515777588,0,0.009508094750344753,0.9992799758911133,0.03672382980585098,0,-0.10810068994760513,-0.035482823848724365,0.9935060739517212,0,0,1.8868999481201172,0,1,0.9579541683197021,-0.03733905032277107,0.28448230028152466,0,0.08456199616193771,0.9841979146003723,-0.155573308467865,0,-0.27417728304862976,0.17308826744556427,0.9459741115570068,0,0,0.921999990940094,0.3714999854564667,1,-0.04582984745502472,0.01554399635642767,-0.9988279938697815,0,0.9514829516410828,-0.303874135017395,-0.0483858548104763,0,-0.3042701482772827,-0.9525849223136902,-0.000863037770614028,0,0.6535999774932861,1.5856000185012817,-0.03500000014901161,1,0.7804751992225647,-0.34388086199760437,-0.5221158266067505,0,0.6189517974853516,0.5426705479621887,0.5678095817565918,0,0.08807853609323502,-0.7663253545761108,0.6363855600357056,0,0,1.433899998664856,0,1,-0.019829170778393745,0.9853330254554749,-0.16948848962783813,0,-0.9834779500961304,0.01128571480512619,0.18067379295825958,0,0.17993663251399994,0.17027068138122559,0.9688290953636169,0,0,3.4209001064300537,0,1,0.5099291205406189,0.1964370310306549,-0.8374869227409363,0,-0.3503219783306122,0.9366070032119751,0.006381994113326073,0,0.7856499552726746,0.2901359796524048,0.5464200973510742,0,0,2.5490000247955322,0,1,0.7416899800300598,0.6697549819946289,0.036403998732566833,0,-0.6667349934577942,0.7420949935913086,-0.0689850002527237,0,-0.07321800291538239,0.02689399942755699,0.996953010559082,0,-0.3052999973297119,0.5015000104904175,0,1,0.9945499897003174,-0.10423199832439423,0.0023169999476522207,0,0.10244499891996384,0.981141984462738,0.16390499472618103,0,-0.019356999546289444,-0.16277499496936798,0.986473023891449,0,-0.05590000003576279,0.46630001068115234,0,1,0.9868339896202087,0.1616619974374771,0.004860999993979931,0,-0.16166000068187714,0.9868460297584534,-0.0007089999853633344,0,-0.004912000149488449,-0.00008600000001024455,0.9999880194664001,0,-0.008700000122189522,0.4968999922275543,0,1,0.45109760761260986,0.8127350807189941,0.3687452971935272,0,-0.8132250308990479,0.2041063904762268,0.5449820756912231,0,0.36766326427459717,-0.5457131266593933,0.7530078291893005,0,0,1.126099944114685,0,1,0.5628945827484131,0.7276621460914612,0.3919912874698639,0,-0.7664712071418762,0.28207340836524963,0.5770240426063538,0,0.309308260679245,-0.6252530813217163,0.7165098190307617,0,0.06019999831914902,0.5512999892234802,0,1,0.999888002872467,-0.014909000135958195,-0.001449999981559813,0,0.014909000135958195,0.9998890161514282,-0.000097999996796716,0,0.0014509999891743064,0.00007599999662488699,0.9999989867210388,0,-0.02630000002682209,0.4993000030517578,0,1,0.0772598534822464,-0.008575999177992344,0.996973991394043,0,-0.9399840235710144,-0.3339669406414032,0.06997086852788925,0,0.3323569595813751,-0.942546010017395,-0.03386394679546356,0,-0.6535999774932861,1.5888999700546265,-0.05640000104904175,1,0.9855009317398071,0.06098806858062744,0.15832918882369995,0,-0.15472717583179474,0.7059640288352966,0.6911399364471436,0,-0.06962309777736664,-0.7056170105934143,0.7051650285720825,0,0,1.433899998664856,0,1,-0.1191381961107254,-0.9906260371208191,-0.06682246178388596,0,0.9928040504455566,-0.11803921312093735,-0.020162802189588547,0,0.012085877358913422,-0.06874343752861023,0.997560977935791,0,0,3.4258999824523926,0,1,0.7199376821517944,-0.1831672340631485,0.6694324612617493,0,0.21982505917549133,0.9750661849975586,0.03038496896624565,0,-0.6583065390586853,0.12528246641159058,0.7422515153884888,0,0,2.5566999912261963,0,1,0.7882720232009888,-0.6151670813560486,-0.014030992053449154,0,0.6152620315551758,0.7883149981498718,0.0034449577797204256,0,0.008942019194364548,-0.011348962783813477,0.9998959898948669,0,0.32109999656677246,0.5680999755859375,0,1,0.9982699751853943,0.05871381238102913,-0.0032330304384231567,0,-0.05736881494522095,0.9845240712165833,0.1655908077955246,0,0.012904991395771503,-0.16511881351470947,0.986189067363739,0,0.07090000063180923,0.5171999931335449,0,1,0.9828640222549438,-0.1843239963054657,0.0017679999582469463,0,0.1843239963054657,0.9828649759292603,0.0003239999932702631,0,-0.0017979999538511038,0.000007999999979801942,0.9999979734420776,0,0.002099999925121665,0.48890000581741333,0,1,0.42047423124313354,-0.8423869609832764,-0.33702585101127625,0,0.7773999571800232,0.14296633005142212,0.6125439405441284,0,-0.4678158462047577,-0.5195620059967041,0.7149851322174072,0,0,1.1476999521255493,0,1,0.40632525086402893,-0.7919919490814209,-0.4556848406791687,0,0.8266939520835876,0.10622033476829529,0.5525339841842651,0,-0.3891998529434204,-0.6012200117111206,0.6978950500488281,0,-0.07559999823570251,0.5893999934196472,0,1,0.9984909892082214,-0.05447499826550484,-0.00698600010946393,0,0.054478999227285385,0.9985150098800659,0.00033000000985339284,0,0.006957999896258116,-0.0007099999929778278,0.9999759793281555,0,0.05590000003576279,0.5479999780654907,0,1,-0.9995970129966736,0.028164012357592583,-0.003607635386288166,0,-0.022305745631456375,-0.7002859115600586,0.7135140299797058,0,0.01756926439702511,0.7133070826530457,0.7006319165229797,0,1.0032999515533447,-0.6909000277519226,-0.18359999358654022,1,0.9860090017318726,0.12515021860599518,0.11010384559631348,0,0.053432442247867584,0.3883778750896454,-0.9199487566947937,0,-0.15789389610290527,0.9129607677459717,0.3762570321559906,0,0,5.205699920654297,0,1,0.9966170191764832,0.04518158361315727,0.06865468621253967,0,-0.0790853202342987,0.299852579832077,0.9507021903991699,0,0.022367747500538826,-0.9529150724411011,0.3024115562438965,0,0,4.772900104522705,0,1,0.9882799983024597,-0.03524472936987877,0.14852863550186157,0,-0.06355176866054535,0.7896632552146912,0.6102405786514282,0,-0.13879501819610596,-0.6125276684761047,0.7781683802604675,0,0,1.9780000448226929,0,1,-0.9830920696258545,0.03568610921502113,-0.17960046231746674,0,0.017822368070483208,-0.9575204253196716,-0.2878131866455078,0,-0.18224243819713593,-0.2861472964286804,0.9406945109367371,0,-1.0032999515533447,-0.6909000277519226,-0.11180000007152557,1,0.9780491590499878,0.03771590068936348,0.20493172109127045,0,0.016461042687296867,0.9664235711097717,-0.25642406940460205,0,-0.20772172510623932,0.2541691064834595,0.9445887207984924,0,0,5.208700180053711,0,1,0.9923359751701355,0.10845405608415604,-0.05922120064496994,0,-0.03272870555520058,0.692815363407135,0.7203704714775085,0,0.11915615200996399,-0.7129105925559998,0.6910544633865356,0,0,4.774499893188477,0,1,0.9963608980178833,-0.034455809742212296,0.0779522955417633,0,-0.05965056270360947,0.37136512994766235,0.9265687465667725,0,-0.060874950140714645,-0.9278466105461121,0.36795926094055176,0,0,1.9818999767303467,0,1
K0.100,0.9950879812240601,0.008265999145805836,-0.09865300357341766,0,0.0005760010681115091,0.9960079789161682,0.08926600217819214,0,0.09899699687957764,-0.08888400346040726,0.9911100268363953,0,0.14191600680351257,11.739546775817871,0.7516980171203613,1,0.9976109862327576,0.0014880007365718484,-0.06906600296497345,0,-0.007795000448822975,0.9958080053329468,-0.09113200008869171,0,0.06864099949598312,0.09145200252532959,0.9934409856796265,0,0,1.243499994277954,-0.18979999423027039,1,0.98928302526474,0.016885999590158463,-0.1450289934873581,0,0.000602999294642359,0.992808997631073,0.11970499902963638,0,0.14600799977779388,-0.11851000040769577,0.9821590185165405,0,0,1.4675999879837036,0,1,0.98928302526474,0.016885999590158463,-0.1450289934873581,0,0.000602999294642359,0.992808997631073,0.11970499902963638,0,0.14600799977779388,-0.11851000040769577,0.9821590185165405,0,0,1.6771999597549438,0,1,0.9917849898338318,-0.017342999577522278,0.1267320066690445,0,0.010401000268757343,0.9984189867973328,0.05523600056767464,0,-0.12748999893665314,-0.053463999181985855,0.9903979897499084,0,0,1.8868999481201172,0,1,0.9403839707374573,-0.015807002782821655,0.33974599838256836,0,0.05264800041913986,0.9936439990997314,-0.09949599951505661,0,-0.3360140025615692,0.11145099997520447,0.9352399706840515,0,0,0.921999990940094,0.3714999854564667,1,-0.06069200113415718,0.015424000099301338,-0.9980369806289673,0,0.9551339745521545,-0.28949299454689026,-0.06255699694156647,0,-0.28988999128341675,-0.9570559859275818,0.0028379997238516808,0,0.6535999774932861,1.5856000185012817,-0.03500000014901161,1,0.7654610276222229,-0.3470650017261505,-0.5418639779090881,0,0.6262930035591125,0.5951640009880066,0.5035250186920166,0,0.14774200320243835,-0.724793016910553,0.6729390025138855,0,0,1.433899998664856,0,1,0.07909999042749405,0.9736790060997009,-0.21375800669193268,0,-0.9745569825172424,0.12064298987388611,0.18890100717544556,0,0.2097180038690567,0.19337700307369232,0.9584490060806274,0,0,3.4209001064300537,0,1,0.5115240216255188,0.19496899843215942,-0.83685702085495,0,-0.3537049889564514,0.935355007648468,0.001716000260785222,0,0.7830939888954163,0.29512301087379456,0.547419011592865,0,0,2.5490000247955322,0,1,0.7416899800300598,0.6697540283203125,0.036403000354766846,0,-0.6667349934577942,0.7420960068702698,-0.0689850002527237,0,-0.07321800291538239,0.02689399942755699,0.996953010559082,0,-0.3052999973297119,0.5015000104904175,0,1,0.9945499897003174,-0.10423199832439423,0.0023169999476522207,0,0.10244499891996384,0.981141984462738,0.16390499472618103,0,-0.01935799978673458,-0.16277499496936798,0.986473023891449,0,-0.05590000003576279,0.46630001068115234,0,1,0.9868339896202087,0.1616619974374771,0.004860999993979931,0,-0.16166000068187714,0.9868460297584534,-0.0007089999853633344,0,-0.004912000149488449,-0.00008600000001024455,0.9999880194664001,0,-0.008700000122189522,0.4968999922275543,0,1,0.49884599447250366,0.8005059957504272,0.332177996635437,0,-0.7989630103111267,0.27621498703956604,0.5341950058937073,0,0.3358739912509918,-0.5318790078163147,0.7773630023002625,0,0,1.126099944114685,0,1,0.6102629899978638,0.7066730260848999,0.358040988445282,0,-0.7422379851341248,0.3520840108394623,0.5701929926872253,0,0.2768790125846863,-0.6137189865112305,0.7393829822540283,0,0.06019999831914902,0.5512999892234802,0,1,0.999888002872467,-0.014909000135958195,-0.001449999981559813,0,0.014909000135958195,0.9998890161514282,-0.000097999996796716,0,0.0014509999891743064,0.00007599999662488699,0.9999989867210388,0,-0.02630000002682209,0.4993000030517578,0,1,0.06502799689769745,-0.007898000068962574,0.9978520274162292,0,-0.93927401304245,-0.33813899755477905,0.05853400006890297,0,0.33695000410079956,-0.9410629868507385,-0.029407000169157982,0,-0.6535999774932861,1.5888999700546265,-0.05640000104904175,1,0.9884999990463257,0.043848998844623566,0.1447249948978424,0,-0.1325020045042038,0.712369978427887,0.6891829967498779,0,-0.07287800312042236,-0.7004330158233643,0.7099869847297668,0,0,1.433899998664856,0,1,-0.20340099930763245,-0.9738029837608337,-0.10166700184345245,0,0.9790189862251282,-0.20098699629306793,-0.033553000539541245,0,0.012241000309586525,-0.10635799914598465,0.9942529797554016,0,0,3.4258999824523926,0,1,0.7231990098953247,-0.291359007358551,0.6261739730834961,0,0.3195199966430664,0.9449419975280762,0.07065299898386002,0,-0.6122829914093018,0.14897899329662323,0.7764760255813599,0,0,2.5566999912261963,0,1,0.7914760112762451,-0.6110150218009949,-0.015018999576568604,0,0.6111649870872498,0.7914549708366394,0.008762000128626823,0,0.006533999927341938,-0.016114000231027603,0.9998490214347839,0,0.32109999656677246,0.5680999755859375,0,1,0.9966390132904053,0.08191200345754623,0.0010599998058751225,0,-0.08062200248241425,0.9784780144691467,0.18995100259780884,0,0.014522000215947628,-0.18939800560474396,0.9817929863929749,0,0.07090000063180923,0.5171999931335449,0,1,0.9828640222549438,-0.1843239963054657,0.0017689999658614397,0,0.1843239963054657,0.9828649759292603,0.0003239999932702631,0,-0.0017979999538511038,0.000007999999979801942,0.9999979734420776,0,0.002099999925121665,0.48890000581741333,0,1,0.3906730115413666,-0.8483790159225464,-0.35725098848342896,0,0.7817299962043762,0.100832998752594,0.6154109835624695,0,-0.48607900738716125,-0.5196980237960815,0.7025960087776184,0,0,1.1476999521255493,0,1,0.37503498792648315,-0.7964329719543457,-0.4743880033493042,0,0.8324559926986694,0.06418099999427795,0.5503609776496887,0,-0.4078789949417114,-0.601311981678009,0.6870650053024292,0,-0.07559999823570251,0.5893999934196472,0,1,0.9984909892082214,-0.05447600036859512,-0.00698600010946393,0,0.054478999227285385,0.9985150098800659,0.00033000000985339284,0,0.006957999896258116,-0.0007099999929778278,0.9999759793281555,0,0.05590000003576279,0.5479999780654907,0,1,-0.9961779713630676,0.05067000165581703,-0.07114899903535843,0,-0.08407700061798096,-0.7770739793777466,0.6237679719924927,0,-0.023681998252868652,0.6273660063743591,0.7783650159835815,0,1.0032999515533447,-0.6909000277519226,-0.18359999358654022,1,0.9876700043678284,0.03587200492620468,0.15238499641418457,0,0.05840799957513809,0.8186730146408081,-0.5712820291519165,0,-0.14524699747562408,0.5731390118598938,0.8064829707145691,0,0,5.205699920654297,0,1,0.9966220259666443,0.04647500067949295,0.06771499663591385,0,-0.08012399822473526,0.36910900473594666,0.9259260296821594,0,0.018038000911474228,-0.9282240271568298,0.37158501148223877,0,0,4.772900104522705,0,1,0.9842820167541504,-0.07786200195550919,0.1585109978914261,0,-0.03891599923372269,0.7798699736595154,0.6247299909591675,0,-0.17226099967956543,-0.6210790276527405,0.7645819783210754,0,0,1.9780000448226929,0,1,-0.967818021774292,0.09345199912786484,-0.23365500569343567,0,0.010249000042676926,-0.9130820035934448,-0.4076470136642456,0,-0.25144198536872864,-0.3969230055809021,0.8827400207519531,0,-1.0032999515533447,-0.6909000277519226,-0.11180000007152557,1,0.9701150059700012,0.010283000767230988,0.2424270063638687,0,0.04594999924302101,0.9732379913330078,-0.22516000270843506,0,-0.23825499415397644,0.22957099974155426,0.9436799883842468,0,0,5.208700180053711,0,1,0.973908007144928,0.211325004696846,-0.08273500204086304,0,-0.14035600423812866,0.847350001335144,0.51214998960495,0,0.1783359944820404,-0.48717498779296875,0.8549020290374756,0,0,4.774499893188477,0,1,0.9974250197410583,-0.0703359991312027,0.014018002897500992,0,0.03325599804520607,0.6267629861831665,0.7785000205039978,0,-0.06354200094938278,-0.7760289907455444,0.6274880170822144,0,0,1.9818999767303467,0,1
