1.033,30,32,41
B0,mixamorig_Hips,-1,0.9994300603866577,-0.0016882597701624036,-0.033730071038007736,0,0.0028127403929829597,0.9994410872459412,0.03331807628273964,0,0.03365492820739746,-0.033393923193216324,0.9988750219345093,0,0.008302000351250172,11.931675910949707,0.14772799611091614,1
B1,mixamorig_Spine,0,0.999754011631012,-0.0015852469950914383,0.02214430458843708,0,0.002595753176137805,0.9989530444145203,-0.04567888751626015,0,-0.022048696875572205,0.04572511091828346,0.9987109303474426,0,0,1.1871720552444458,-0.18419000506401062,1
B2,mixamorig_Spine1,1,0.9988769888877869,0.012806398794054985,0.04560491442680359,0,-0.014761600643396378,0.9989749789237976,0.04279693216085434,0,-0.04501008614897728,-0.04342206194996834,0.9980419874191284,0,0,1.4016029834747314,0,1
B3,mixamorig_Spine2,2,0.9988669753074646,0.01485579926520586,0.045216772705316544,0,-0.016770200803875923,0.9989659786224365,0.042257800698280334,0,-0.044542230665683746,-0.042968202382326126,0.9980829358100891,0,0,1.6018329858779907,0,1
B4,mixamorig_Neck,3,0.999301016330719,0.0012891656951978803,-0.03736047446727753,0,0.004142165649682283,0.9894329905509949,0.14493428170681,0,0.03715253248810768,-0.14498771727085114,0.9887360334396362,0,0,1.8020609617233276,0,1
B5,mixamorig_Head,4,0.9963399767875671,-0.037096232175827026,-0.07700994610786438,0,0.03264676779508591,0.9977679252624512,-0.058254174888134,0,0.07899904996156693,0.05552682653069496,0.9953269958496094,0,0,0.876151978969574,0.3483310043811798,1
B6,mixamorig_HeadTop_End,5,1,0,0,0,0,1,0,0,0,0,1,0,0,2.8381810188293457,1.1283719539642334,1
B7,mixamorig_LeftShoulder,3,0.10735595226287842,0.004100542515516281,-0.9942119121551514,0,0.9036930799484253,-0.41731274127960205,0.09586041420698166,0,-0.4145045280456543,-0.9087541699409485,-0.04850659891963005,0,0.6684079766273499,1.4949359893798828,-0.03617100045084953,1
B8,mixamorig_LeftArm,7,0.8209789991378784,0.4209151566028595,-0.38577800989151,0,0.04436911642551422,0.6265909075737,0.7780840992927551,0,0.5692320466041565,-0.6559069156646729,0.4957420229911804,0,0,1.5037169456481934,0,1
B9,mixamorig_LeftForeArm,8,0.9815229773521423,0.19131185114383698,-0.0034175198525190353,0,-0.19134116172790527,0.9814239740371704,-0.013953951187431812,0,0.0006844803574495018,0.014350050128996372,0.9998970627784729,0,0,3.3016510009765625,0,1
B10,mixamorig_LeftHand,9,0.6780509948730469,0.0985226258635521,-0.7283819317817688,0,0.05613662302494049,0.98114013671875,0.18496885895729065,0,0.732867956161499,-0.16630713641643524,0.6597319841384888,0,0,2.7329390048980713,0,1
B11,mixamorig_LeftHandThumb1,10,0.930211067199707,0.346035897731781,-0.12233450263738632,0,-0.3565581440925598,0.9310399293899536,-0.07766488194465637,0,0.08702349662780762,0.11586412787437439,0.9894458651542664,0,-0.31367599964141846,0.46373501420021057,0,1
B12,mixamorig_LeftHandThumb2,11,0.9971650242805481,-0.02198014035820961,-0.07196291536092758,0,0.028378861024975777,0.9956150054931641,0.08913824707269669,0,0.06968807429075241,-0.09092774987220764,0.9934160113334656,0,-0.06563899666070938,0.4430510103702545,0,1
B13,mixamorig_LeftHandThumb3,12,0.969874918460846,-0.059791047126054764,-0.23615022003650665,0,0.00022595190966967493,0.9696310758590698,-0.24457362294197083,0,0.24360178411006927,0.2371523529291153,0.940433919429779,0,0.0031789999920874834,0.48552098870277405,0,1
B14,mixamorig_LeftHandThumb4,13,1,0,0,0,0,1,0,0,0,0,1,0,0.062460001558065414,0.4080809950828552,0,1
B15,mixamorig_LeftHandIndex1,10,0.9296659827232361,0.36763399839401245,0.02378782071173191,0,-0.367343008518219,0.9201629757881165,0.13549479842185974,0,0.027923820540308952,-0.13470318913459778,0.9904919862747192,0,0,0.9771119952201843,0,1
B16,mixamorig_LeftHandIndex2,15,0.9992220401763916,0.03810673579573631,0.010154965333640575,0,-0.03932926803827286,0.9818859696388245,0.18534737825393677,0,-0.002908034948632121,-0.18560262024402618,0.9826210737228394,0,0.05210400000214577,0.5617660284042358,0,1
B17,mixamorig_LeftHandIndex3,16,0.9802929162979126,0.19731919467449188,0.009479861706495285,0,-0.19562183320522308,0.9629390835762024,0.1856910139322281,0,0.02751186303794384,-0.18388600647449493,0.9825620055198669,0,-0.029978999868035316,0.5294229984283447,0,1
B18,mixamorig_LeftHandIndex4,17,1,0,0,0,0,1,0,0,0,0,1,0,-0.02212500013411045,0.491921991109848,0,1
B19,mixamorig_RightShoulder,3,-0.015491188503801823,-0.010072817094624043,0.9998289346694946,0,-0.9070330858230591,-0.4206617772579193,-0.01829143427312374,0,0.42077431082725525,-0.9071618318557739,-0.0026197745464742184,0,-0.6684079766273499,1.4984140396118164,-0.058591000735759735,1
B20,mixamorig_RightArm,19,0.8093270063400269,-0.5056830048561096,0.29878681898117065,0,0.16832296550273895,0.6870431303977966,0.7068508267402649,0,-0.5627221465110779,-0.5217809677124023,0.6411608457565308,0,0,1.5037169456481934,0,1
B21,mixamorig_RightForeArm,20,0.9194021224975586,-0.39327874779701233,0.005645824130624533,0,0.3933052122592926,0.9191528558731079,-0.021674707531929016,0,0.003334824228659272,0.022148290649056435,0.9997490048408508,0,0,3.307734966278076,0,1
B22,mixamorig_RightHand,21,0.6935319900512695,-0.09034928679466248,0.7147380113601685,0,0.025305714458227158,0.9945480227470398,0.10116487741470337,0,-0.7199810743331909,-0.05207410454750061,0.6920368671417236,0,0,2.741194009780884,0,1
B23,mixamorig_RightHandThumb1,22,0.8885189890861511,-0.4145070016384125,0.1967701017856598,0,0.41740697622299194,0.9082720279693604,0.02851610817015171,0,-0.19054090976715088,0.056796107441186905,0.9800350069999695,0,0.31780698895454407,0.5204169750213623,0,1
B24,mixamorig_RightHandThumb2,23,0.9824309349060059,0.18570806086063385,0.018492020666599274,0,-0.18591493368148804,0.9652250409126282,0.18378295004367828,0,0.016281019896268845,-0.18399202823638916,0.9827930331230164,0,0.08337199687957764,0.4806489944458008,0,1
B25,mixamorig_RightHandThumb3,24,0.9865840673446655,-0.11108489334583282,-0.11963492631912231,0,0.07579910010099411,0.9607189893722534,-0.2669719457626343,0,0.1445920616388321,0.25432202219963074,0.9562500715255737,0,0.015426999889314175,0.47726699709892273,0,1
B26,mixamorig_RightHandThumb4,25,1,0,0,0,0,1,0,0,0,0,1,0,-0.09879899770021439,0.36491599678993225,0,1
B27,mixamorig_RightHandIndex1,22,0.9101109504699707,-0.4137831926345825,-0.02195628546178341,0,0.41181081533432007,0.8973551392555237,0.1586359143257141,0,-0.04593827947974205,-0.15341807901859283,0.987092912197113,0,0,1.004459023475647,0,1
B28,mixamorig_RightHandIndex2,27,0.987097978591919,-0.1571369767189026,-0.030741939321160316,0,0.15961499512195587,0.950528085231781,0.26649370789527893,0,-0.012654939666390419,-0.2679623067378998,0.9633458852767944,0,-0.05621400102972984,0.588358998298645,0,1
B29,mixamorig_RightHandIndex3,28,0.9898239374160767,-0.1422812044620514,-0.0020626699551939964,0,0.1414937973022461,0.9826020002365112,0.12030014395713806,0,-0.015089670196175575,-0.11936783790588379,0.9927350878715515,0,0.03230699896812439,0.5530980229377747,0,1
B30,mixamorig_RightHandIndex4,29,1,0,0,0,0,1,0,0,0,0,1,0,0.02390800043940544,0.4435960054397583,0,1
B31,mixamorig_LeftUpLeg,0,-0.9835600256919861,-0.004212851170450449,0.18053172528743744,0,0.09004814922809601,-0.8780050277709961,0.47010499238967896,0,0.15652726590633392,0.47863298654556274,0.8639499545097351,0,1.0144129991531372,-0.6594070196151733,-0.17839199304580688,1
B32,mixamorig_LeftLeg,31,0.9960419535636902,-0.08362550288438797,-0.030131084844470024,0,0.014515489339828491,0.48745137453079224,-0.8730297684669495,0,0.0876949205994606,0.8691362142562866,0.4867355227470398,0,0,5.199635982513428,0,1
B33,mixamorig_LeftFoot,32,0.997437059879303,0.04801613464951515,0.05304979532957077,0,-0.07078685611486435,0.5539659857749939,0.8295249342918396,0,0.010442794300615788,-0.831153929233551,0.5559449791908264,0,0,5.087769031524658,0,1
B34,mixamorig_LeftToeBase,33,0.9807490110397339,-0.022912971675395966,0.19392305612564087,0,-0.11652397364377975,0.7282301783561707,0.6753538250923157,0,-0.1566949337720871,-0.6849491596221924,0.7115408778190613,0,0,1.9792859554290771,0,1
B35,mixamorig_LeftToe_End,34,1,0,0,0,0,1,0,0,0,0,1,0,0,0.7514510154724121,0,1
B36,mixamorig_RightUpLeg,0,-0.9919110536575317,-0.049798835068941116,-0.11675956100225449,0,0.021974164992570877,-0.9733089804649353,0.22844581305980682,0,-0.12501943111419678,0.2240321934223175,0.9665299654006958,0,-1.0144129991531372,-0.6594070196151733,-0.1146169975399971,1
B37,mixamorig_RightLeg,36,0.9974849820137024,-0.03038513846695423,0.06402788311243057,0,0.05371786653995514,0.9134569764137268,-0.4033750295639038,0,-0.046230122447013855,0.40580007433891296,0.9127920866012573,0,0,5.200582981109619,0,1
B38,mixamorig_RightFoot,37,0.9960409998893738,-0.06083976849913597,-0.06481076031923294,0,0.08349622786045074,0.3901589810848236,0.916953980922699,0,-0.030500758439302444,-0.9187349677085876,0.39369410276412964,0,0,5.092588901519775,0,1
B39,mixamorig_RightToeBase,38,0.981207013130188,0.013833497650921345,-0.19246269762516022,0,0.11326149106025696,0.7662348747253418,0.6325001120567322,0,0.15622127056121826,-0.6424118876457214,0.7502680420875549,0,0,1.9834200143814087,0,1
B40,mixamorig_RightToe_End,39,1,0,0,0,0,1,0,0,0,0,1,0,0,0.7490540146827698,0,1
@34,0,1,2,3,4,5,7,8,9,10,11,12,13,15,16,17,19,20,21,22,23,24,25,27,28,29,31,32,33,34,36,37,38,39
K0.000,0.9994300603866577,-0.0016882597701624036,-0.033730071038007736,0,0.0028127403929829597,0.9994410872459412,0.03331807628273964,0,0.03365492820739746,-0.033393923193216324,0.9988750219345093,0,0.008302000351250172,11.931675910949707,0.14772799611091614,1,0.999754011631012,-0.0015852469950914383,0.02214430458843708,0,0.002595753176137805,0.9989530444145203,-0.04567888751626015,0,-0.022048696875572205,0.04572511091828346,0.9987109303474426,0,0,1.1871720552444458,-0.18419000506401062,1,0.9988769888877869,0.012806398794054985,0.04560491442680359,0,-0.014761600643396378,0.9989749789237976,0.04279693216085434,0,-0.04501008614897728,-0.04342206194996834,0.9980419874191284,0,0,1.4016029834747314,0,1,0.9988669753074646,0.01485579926520586,0.045216772705316544,0,-0.016770200803875923,0.9989659786224365,0.042257800698280334,0,-0.044542230665683746,-0.042968202382326126,0.9980829358100891,0,0,1.6018329858779907,0,1,0.999301016330719,0.0012891656951978803,-0.03736047446727753,0,0.004142165649682283,0.9894329905509949,0.14493428170681,0,0.03715253248810768,-0.14498771727085114,0.9887360334396362,0,0,1.8020609617233276,0,1,0.9963399767875671,-0.037096232175827026,-0.07700994610786438,0,0.03264676779508591,0.9977679252624512,-0.058254174888134,0,0.07899904996156693,0.05552682653069496,0.9953269958496094,0,0,0.876151978969574,0.3483310043811798,1,0.10735595226287842,0.004100542515516281,-0.9942119121551514,0,0.9036930799484253,-0.41731274127960205,0.09586041420698166,0,-0.4145045280456543,-0.9087541699409485,-0.04850659891963005,0,0.6684079766273499,1.4949359893798828,-0.03617100045084953,1,0.8209789991378784,0.4209151566028595,-0.38577800989151,0,0.04436911642551422,0.6265909075737,0.7780840992927551,0,0.5692320466041565,-0.6559069156646729,0.4957420229911804,0,0,1.5037169456481934,0,1,0.9815229773521423,0.19131185114383698,-0.0034175198525190353,0,-0.19134116172790527,0.9814239740371704,-0.013953951187431812,0,0.0006844803574495018,0.014350050128996372,0.9998970627784729,0,0,3.3016510009765625,0,1,0.6780509948730469,0.0985226258635521,-0.7283819317817688,0,0.05613662302494049,0.98114013671875,0.18496885895729065,0,0.732867956161499,-0.16630713641643524,0.6597319841384888,0,0,2.7329390048980713,0,1,0.930211067199707,0.346035897731781,-0.12233450263738632,0,-0.3565581440925598,0.9310399293899536,-0.07766488194465637,0,0.08702349662780762,0.11586412787437439,0.9894458651542664,0,-0.31367599964141846,0.46373501420021057,0,1,0.9971650242805481,-0.02198014035820961,-0.07196291536092758,0,0.028378861024975777,0.9956150054931641,0.08913824707269669,0,0.06968807429075241,-0.09092774987220764,0.9934160113334656,0,-0.06563899666070938,0.4430510103702545,0,1,0.969874918460846,-0.059791047126054764,-0.23615022003650665,0,0.00022595190966967493,0.9696310758590698,-0.24457362294197083,0,0.24360178411006927,0.2371523529291153,0.940433919429779,0,0.0031789999920874834,0.48552098870277405,0,1,0.9296659827232361,0.36763399839401245,0.02378782071173191,0,-0.367343008518219,0.9201629757881165,0.13549479842185974,0,0.027923820540308952,-0.13470318913459778,0.9904919862747192,0,0,0.9771119952201843,0,1,0.9992220401763916,0.03810673579573631,0.010154965333640575,0,-0.03932926803827286,0.9818859696388245,0.18534737825393677,0,-0.002908034948632121,-0.18560262024402618,0.9826210737228394,0,0.05210400000214577,0.5617660284042358,0,1,0.9802929162979126,0.19731919467449188,0.009479861706495285,0,-0.19562183320522308,0.9629390835762024,0.1856910139322281,0,0.02751186303794384,-0.18388600647449493,0.9825620055198669,0,-0.029978999868035316,0.5294229984283447,0,1,-0.015491188503801823,-0.010072817094624043,0.9998289346694946,0,-0.9070330858230591,-0.4206617772579193,-0.01829143427312374,0,0.42077431082725525,-0.9071618318557739,-0.0026197745464742184,0,-0.6684079766273499,1.4984140396118164,-0.058591000735759735,1,0.8093270063400269,-0.5056830048561096,0.29878681898117065,0,0.16832296550273895,0.6870431303977966,0.7068508267402649,0,-0.5627221465110779,-0.5217809677124023,0.6411608457565308,0,0,1.5037169456481934,0,1,0.9194021224975586,-0.39327874779701233,0.005645824130624533,0,0.3933052122592926,0.9191528558731079,-0.021674707531929016,0,0.003334824228659272,0.022148290649056435,0.9997490048408508,0,0,3.307734966278076,0,1,0.6935319900512695,-0.09034928679466248,0.7147380113601685,0,0.025305714458227158,0.9945480227470398,0.10116487741470337,0,-0.7199810743331909,-0.05207410454750061,0.6920368671417236,0,0,2.741194009780884,0,1,0.8885189890861511,-0.4145070016384125,0.1967701017856598,0,0.41740697622299194,0.9082720279693604,0.02851610817015171,0,-0.19054090976715088,0.056796107441186905,0.9800350069999695,0,0.31780698895454407,0.5204169750213623,0,1,0.9824309349060059,0.18570806086063385,0.018492020666599274,0,-0.18591493368148804,0.9652250409126282,0.18378295004367828,0,0.016281019896268845,-0.18399202823638916,0.9827930331230164,0,0.08337199687957764,0.4806489944458008,0,1,0.9865840673446655,-0.11108489334583282,-0.11963492631912231,0,0.07579910010099411,0.9607189893722534,-0.2669719457626343,0,0.1445920616388321,0.25432202219963074,0.9562500715255737,0,0.015426999889314175,0.47726699709892273,0,1,0.9101109504699707,-0.4137831926345825,-0.02195628546178341,0,0.41181081533432007,0.8973551392555237,0.1586359143257141,0,-0.04593827947974205,-0.15341807901859283,0.987092912197113,0,0,1.004459023475647,0,1,0.987097978591919,-0.1571369767189026,-0.030741939321160316,0,0.15961499512195587,0.950528085231781,0.26649370789527893,0,-0.012654939666390419,-0.2679623067378998,0.9633458852767944,0,-0.05621400102972984,0.588358998298645,0,1,0.9898239374160767,-0.1422812044620514,-0.0020626699551939964,0,0.1414937973022461,0.9826020002365112,0.12030014395713806,0,-0.015089670196175575,-0.11936783790588379,0.9927350878715515,0,0.03230699896812439,0.5530980229377747,0,1,-0.9835600256919861,-0.004212851170450449,0.18053172528743744,0,0.09004814922809601,-0.8780050277709961,0.47010499238967896,0,0.15652726590633392,0.47863298654556274,0.8639499545097351,0,1.0144129991531372,-0.6594070196151733,-0.17839199304580688,1,0.9960419535636902,-0.08362550288438797,-0.030131084844470024,0,0.014515489339828491,0.48745137453079224,-0.8730297684669495,0,0.0876949205994606,0.8691362142562866,0.4867355227470398,0,0,5.199635982513428,0,1,0.997437059879303,0.04801613464951515,0.05304979532957077,0,-0.07078685611486435,0.5539659857749939,0.8295249342918396,0,0.010442794300615788,-0.831153929233551,0.5559449791908264,0,0,5.087769031524658,0,1,0.9807490110397339,-0.022912971675395966,0.19392305612564087,0,-0.11652397364377975,0.7282301783561707,0.6753538250923157,0,-0.1566949337720871,-0.6849491596221924,0.7115408778190613,0,0,1.9792859554290771,0,1,-0.9919110536575317,-0.049798835068941116,-0.11675956100225449,0,0.021974164992570877,-0.9733089804649353,0.22844581305980682,0,-0.12501943111419678,0.2240321934223175,0.9665299654006958,0,-1.0144129991531372,-0.6594070196151733,-0.1146169975399971,1,0.9974849820137024,-0.03038513846695423,0.06402788311243057,0,0.05371786653995514,0.9134569764137268,-0.4033750295639038,0,-0.046230122447013855,0.40580007433891296,0.9127920866012573,0,0,5.200582981109619,0,1,0.9960409998893738,-0.06083976849913597,-0.06481076031923294,0,0.08349622786045074,0.3901589810848236,0.916953980922699,0,-0.030500758439302444,-0.9187349677085876,0.39369410276412964,0,0,5.092588901519775,0,1,0.981207013130188,0.013833497650921345,-0.19246269762516022,0,0.11326149106025696,0.7662348747253418,0.6325001120567322,0,0.15622127056121826,-0.6424118876457214,0.7502680420875549,0,0,1.9834200143814087,0,1
K0.033,0.9997159838676453,0.001551736844703555,-0.023780804127454758,0,-0.0005072089261375368,0.9990370273590088,0.04386637732386589,0,0.02382597140967846,-0.04384185001254082,0.9987540245056152,0,0.025022240355610847,12.01578426361084,0.09588143974542618,1,0.9999790191650391,-0.004156542010605335,0.0049476781859993935,0,0.004411256406456232,0.9986040592193604,-0.05263570323586464,0,-0.004721991717815399,0.05265645682811737,0.9986019730567932,0,0,1.1871720552444458,-0.18419000506401062,1,0.9994140267372131,0.005430040415376425,0.03378792479634285,0,-0.0067367516458034515,0.9992290139198303,0.03868098556995392,0,-0.03355183079838753,-0.0388859398663044,0.998680055141449,0,0,1.4016029834747314,0,1,0.9994179606437683,0.00718535203486681,0.03335496783256531,0,-0.008463433012366295,0.9992290139198303,0.03833597153425217,0,-0.03305378556251526,-0.03859594836831093,0.9987080097198486,0,0,1.6018329858779907,0,1,0.9994379878044128,-0.0015001212013885379,-0.03348904848098755,0,0.006364847533404827,0.9893180727958679,0.14563485980033875,0,0.032912831753492355,-0.14576609432697296,0.9887710213661194,0,0,1.8020609617233276,0,1,0.9977900385856628,-0.03554889187216759,-0.056139107793569565,0,0.03267410025000572,0.9981480240821838,-0.05132186785340309,0,0.05785953626036644,0.04937411844730377,0.9971029758453369,0,0,0.876151978969574,0.3483310043811798,1,0.09114732593297958,0.005032544489949942,-0.9958250522613525,0,0.9076082110404968,-0.41193172335624695,0.08099114894866943,0,-0.40980440378189087,-0.9112012386322021,-0.04211408644914627,0,0.6684079766273499,1.4949359893798828,-0.03617100045084953,1,0.8332059979438782,0.36009252071380615,-0.419643372297287,0,0.12602993845939636,0.6152608394622803,0.7781839370727539,0,0.5384085774421692,-0.7012754678726196,0.4672567844390869,0,0,1.5037169456481934,0,1,0.9815879464149475,0.1909782588481903,-0.0034162786323577166,0,-0.19100770354270935,0.9814900755882263,-0.013929971493780613,0,0.000692721747327596,0.014326025731861591,0.9998970031738281,0,0,3.3016510009765625,0,1,0.6815527677536011,0.15263189375400543,-0.7156741619110107,0,0.03236619383096695,0.9707609415054321,0.23785734176635742,0,0.7310526967048645,-0.1852758675813675,0.6566842794418335,0,0,2.7329390048980713,0,1,0.9302110075950623,0.3460358679294586,-0.12233499437570572,0,-0.3565581440925598,0.9310399293899536,-0.07766477763652802,0,0.0870240107178688,0.11586421728134155,0.9894459247589111,0,-0.31367599964141846,0.46373501420021057,0,1,0.9975169897079468,-0.022125842049717903,-0.06686191260814667,0,0.027119101956486702,0.9968359470367432,0.07472012937068939,0,0.0649971216917038,-0.07634785026311874,0.9949609637260437,0,-0.06563899666070938,0.4430510103702545,0,1,0.9702820181846619,-0.06234985217452049,-0.23380398750305176,0,0.0042831492610275745,0.970507025718689,-0.24103571474552155,0,0.2419370412826538,0.23287129402160645,0.9419329762458801,0,0.0031789999920874834,0.48552098870277405,0,1,0.9315980672836304,0.3630208969116211,0.01846877485513687,0,-0.36263400316238403,0.9247170686721802,0.11573765426874161,0,0.02493678592145443,-0.11451832950115204,0.9931079149246216,0,0,0.9771119952201843,0,1,0.9992160201072693,0.038262952119112015,0.010175749659538269,0,-0.039487048983573914,0.9818500280380249,0.1855008453130722,0,-0.0028932506684213877,-0.18575716018676758,0.982590913772583,0,0.05210400000214577,0.5617660284042358,0,1,0.9802619218826294,0.19747212529182434,0.009502367116510868,0,-0.19577188789844513,0.9628790616989136,0.18584397435188293,0,0.027549369260668755,-0.1840360462665558,0.9825329780578613,0,-0.029978999868035316,0.5294229984283447,0,1,-0.009389571845531464,-0.009444046765565872,0.9999110102653503,0,-0.9085973501205444,-0.41748735308647156,-0.012475221417844296,0,0.4175681471824646,-0.9086339473724365,-0.004660807549953461,0,-0.6684079766273499,1.4984140396118164,-0.058591000735759735,1,0.7904688715934753,-0.535382091999054,0.2975322902202606,0,0.20970255136489868,0.6929653286933899,0.6898003816604614,0,-0.57548588514328,-0.4828720688819885,0.6600379943847656,0,0,1.5037169456481934,0,1,0.8991256952285767,-0.4376465976238251,0.006254005245864391,0,0.437662810087204,0.8988125920295715,-0.024236908182501793,0,0.004986020736396313,0.024529170244932175,0.9996870160102844,0,0,3.307734966278076,0,1,0.6941660642623901,-0.0884721428155899,0.7143569588661194,0,-0.020657652989029884,0.9895609021186829,0.14262954890727997,0,-0.71951824426651,-0.11376549303531647,0.6850916743278503,0,0,2.741194009780884,0,1,0.8885189890861511,-0.414507120847702,0.19676987826824188,0,0.4174068868160248,0.9082720875740051,0.0285171065479517,0,-0.1905411332845688,0.05679510906338692,0.9800350069999695,0,0.31780698895454407,0.5204169750213623,0,1,0.9828720688819885,0.18344850838184357,0.01757104881107807,0,-0.18359418213367462,0.9664439558982849,0.17966507375240326,0,0.015977859497070312,-0.17981375753879547,0.9835710525512695,0,0.08337199687957764,0.4806489944458008,0,1,0.9865840077400208,-0.11113910377025604,-0.11958518624305725,0,0.0758519172668457,0.960690975189209,-0.2670568525791168,0,0.14456480741500854,0.25440311431884766,0.9562320113182068,0,0.015426999889314175,0.47726699709892273,0,1,0.9078829884529114,-0.4185299575328827,-0.024127131327986717,0,0.41667529940605164,0.8945288062095642,0.16186535358428955,0,-0.046163056045770645,-0.15700788795948029,0.9865179657936096,0,0,1.004459023475647,0,1,0.9870870113372803,-0.1572050303220749,-0.030757291242480278,0,0.1596839427947998,0.9505011439323425,0.26655083894729614,0,-0.012668289244174957,-0.2680201530456543,0.9633299708366394,0,-0.05621400102972984,0.588358998298645,0,1,0.9898139834403992,-0.14235006272792816,-0.002068215049803257,0,0.14156191051006317,0.9825850129127502,0.1203610897064209,0,-0.015101214870810509,-0.11942790448665619,0.9927279949188232,0,0.03230699896812439,0.5530980229377747,0,1,-0.9849640727043152,0.015794172883033752,0.1720370352268219,0,0.07370787858963013,-0.8622112274169922,0.5011566877365112,0,0.15624767541885376,0.506301999092102,0.8480831384658813,0,1.0144129991531372,-0.6594070196151733,-0.17839199304580688,1,0.997821033000946,-0.06597147136926651,0.000040257109503727406,0,0.0451965369284153,0.6831545829772949,-0.7288734912872314,0,0.048057395964860916,0.7272878289222717,0.6846483945846558,0,0,5.199635982513428,0,1,0.9984240531921387,0.019090861082077026,0.052782099694013596,0,-0.0545438788831234,0.5518783330917358,0.832139790058136,0,-0.01324301864951849,-0.8337066173553467,0.5520493984222412,0,0,5.087769031524658,0,1,0.9812249541282654,-0.01774097979068756,0.19204726815223694,0,-0.1141429990530014,0.7492291331291199,0.6524019241333008,0,-0.1554616391658783,-0.6620737910270691,0.7331371903419495,0,0,1.9792859554290771,0,1,-0.990117073059082,-0.04722214490175247,-0.13205565512180328,0,0.029870815575122833,-0.9910091757774353,0.1304144710302353,0,-0.13702689111232758,0.12518106400966644,0.9826260805130005,0,-1.0144129991531372,-0.6594070196151733,-0.1146169975399971,1,0.9951709508895874,-0.04338228330016136,0.08805219829082489,0,0.06825865805149078,0.9504891633987427,-0.3031683564186096,0,-0.07054049521684647,0.3077145516872406,0.9488600492477417,0,0,5.200582981109619,0,1,0.9966558814048767,-0.05015571042895317,-0.0645090788602829,0,0.07867047935724258,0.37555092573165894,0.9234570860862732,0,-0.022090179845690727,-0.9254432320594788,0.37824052572250366,0,0,5.092588901519775,0,1,0.9812859296798706,0.012983090244233608,-0.19211605191230774,0,0.11287408322095871,0.7695430517196655,0.6285408735275269,0,0.15600192546844482,-0.638463020324707,0.7536760568618774,0,0,1.9834200143814087,0,1
K0.067,0.9999179840087891,-0.0013164994306862354,-0.012732241302728653,0,0.002018447034060955,0.9984690546989441,0.055276792496442795,0,0.01263997983187437,-0.05529797077178955,0.9983900189399719,0,0.04896976053714752,12.008991241455078,0.03980156034231186,1,0.9999150037765503,0.005441874731332064,-0.011844907887279987,0,-0.006148924119770527,0.9981489777565002,-0.060498565435409546,0,0.011493762955069542,0.06056628003716469,0.9980980157852173,0,0,1.1871720552444458,-0.18419000506401062,1,0.9997640252113342,-0.004660552367568016,0.021211277693510056,0,0.003912241663783789,0.9993730783462524,0.035184670239686966,0,-0.02136196941137314,-0.03509340062737465,0.9991559386253357,0,0,1.4016029834747314,0,1,0.9997760057449341,-0.003203805536031723,0.0209201592952013,0,0.002472982741892338,0.9993890523910522,0.0348668098449707,0,-0.02101908251643181,-0.03480726480484009,0.9991729855537415,0,0,1.6018329858779907,0,1,0.9996230006217957,-0.00038408528780564666,-0.027440138161182404,0,0.004336945712566376,0.9895480871200562,0.14414066076278687,0,0.027097979560494423,-0.14420536160469055,0.9891769289970398,0,0,1.8020609617233276,0,1,0.9986609220504761,-0.03463488817214966,-0.03843821957707405,0,0.032668113708496094,0.9981809854507446,-0.05066627264022827,0,0.04012312740087509,0.04934273660182953,0.9979760050773621,0,0,0.876151978969574,0.3483310043811798,1,0.07596419006586075,0.005828128661960363,-0.9970940351486206,0,0.9105708599090576,-0.40788930654525757,0.0669882670044899,0,-0.4063132405281067,-0.9130129218101501,-0.03629196062684059,0,0.6684079766273499,1.4949359893798828,-0.03617100045084953,1,0.8415969610214233,0.29864582419395447,-0.4500275254249573,0,0.20206446945667267,0.5986151695251465,0.7751319408416748,0,0.5008834004402161,-0.7432835102081299,0.44344714283943176,0,0,1.5037169456481934,0,1,0.9819380640983582,0.18917390704154968,-0.0034103828947991133,0,-0.18920311331748962,0.981840968132019,-0.01379596721380949,0,0.0007386166253127158,0.014192035421729088,0.9998990297317505,0,0,3.3016510009765625,0,1,0.6799019575119019,0.19169580936431885,-0.7078041434288025,0,0.001933479681611061,0.964755117893219,0.26314350962638855,0,0.7333009243011475,-0.18028025329113007,0.6555680632591248,0,0,2.7329390048980713,0,1,0.9302109479904175,0.34603601694107056,-0.12233506888151169,0,-0.3565579950809479,0.931039035320282,-0.07766478508710861,0,0.08702393621206284,0.11586422473192215,0.9894449710845947,0,-0.31367599964141846,0.46373501420021057,0,1,0.9974939823150635,-0.01939617469906807,-0.06804583966732025,0,0.02442687749862671,0.9969670176506042,0.07389603555202484,0,0.06640613079071045,-0.07537297159433365,0.9949420094490051,0,-0.06563899666070938,0.4430510103702545,0,1,0.9703059792518616,-0.06217481568455696,-0.23375193774700165,0,0.004144183825701475,0.9705299139022827,-0.24094511568546295,0,0.2418440580368042,0.23282188177108765,0.9419690370559692,0,0.0031789999920874834,0.48552098870277405,0,1,0.9326360821723938,0.3603859543800354,0.017668401822447777,0,-0.3599391281604767,0.9258289933204651,0.1152578741312027,0,0.025179391726851463,-0.11385314166545868,0.9931780099868774,0,0,0.9771119952201843,0,1,0.9992089867591858,0.038426656275987625,0.010196871124207973,0,-0.039652347564697266,0.9818139672279358,0.18566027283668518,0,-0.0028771276120096445,-0.18591775000095367,0.9825610518455505,0,0.05210400000214577,0.5617660284042358,0,1,0.9802300333976746,0.19763171672821045,0.00952574610710144,0,-0.19592829048633575,0.9628159403800964,0.1860039234161377,0,0.027588743716478348,-0.18419302999973297,0.9825029373168945,0,-0.029978999868035316,0.5294229984283447,0,1,-0.0015528711955994368,-0.008179090917110443,0.9999649524688721,0,-0.9135638475418091,-0.40666720271110535,-0.004745029378682375,0,0.40669211745262146,-0.9135398864746094,-0.006840551737695932,0,-0.6684079766273499,1.4984140396118164,-0.058591000735759735,1,0.774581253528595,-0.5579085946083069,0.2979270815849304,0,0.24951882660388947,0.7024000287055969,0.6666141152381897,0,-0.581173837184906,-0.44200849533081055,0.6832748055458069,0,0,1.5037169456481934,0,1,0.8637003302574158,-0.5039512515068054,0.007434035185724497,0,0.5039464831352234,0.8632773160934448,-0.028119102120399475,0,0.007753019221127033,0.0280328206717968,0.9995769262313843,0,0,3.307734966278076,0,1,0.6865429282188416,-0.08695904165506363,0.7218700051307678,0,-0.06976354867219925,0.9803631901741028,0.1844474971294403,0,-0.7237346768379211,-0.17699146270751953,0.6669953465461731,0,0,2.741194009780884,0,1,0.8885189890861511,-0.41450706124305725,0.19676998257637024,0,0.41740694642066956,0.9082720279693604,0.028516607359051704,0,-0.19054101407527924,0.05679560825228691,0.9800350069999695,0,0.31780698895454407,0.5204169750213623,0,1,0.9855809211730957,0.16735640168190002,0.024945653975009918,0,-0.16914188861846924,0.9704090356826782,0.17232877016067505,0,0.004632838536053896,-0.17406335473060608,0.9847239255905151,0,0.08337199687957764,0.4806489944458008,0,1,0.9865840077400208,-0.11176303774118423,-0.11900092661380768,0,0.07646194845438004,0.9603679776191711,-0.268044114112854,0,0.1442420482635498,0.25534889101982117,0.9560289978981018,0,0.015426999889314175,0.47726699709892273,0,1,0.8997430205345154,-0.435235857963562,-0.03212806582450867,0,0.43386179208755493,0.8840821981430054,0.17367590963840485,0,-0.04718613997101784,-0.17020283639431,0.9842790365219116,0,0,1.004459023475647,0,1,0.9872549176216125,-0.156191885471344,-0.030528990551829338,0,0.15865813195705414,0.9509099721908569,0.2657008171081543,0,-0.01246999204158783,-0.267158180475235,0.9635720252990723,0,-0.05621400102972984,0.588358998298645,0,1,0.9899629950523376,-0.14131204783916473,-0.001991232391446829,0,0.14053598046302795,0.9828429818153381,0.1194540485739708,0,-0.014923232607543468,-0.11853497475385666,0.9928379654884338,0,0.03230699896812439,0.5530980229377747,0,1,-0.9876670241355896,0.02578594535589218,0.15442930161952972,0,0.05369524657726288,-0.8707389235496521,0.48880520462989807,0,0.147071972489357,0.49106913805007935,0.8586158752441406,0,1.0144129991531372,-0.6594070196151733,-0.17839199304580688,1,0.9982089996337891,-0.048479024320840836,0.03506474196910858,0,0.059120044112205505,0.8892835378646851,-0.4535198211669922,0,-0.009196292608976364,0.4547802805900574,0.8905563354492188,0,0,5.199635982513428,0,1,0.9986979961395264,0.0037159917410463095,0.050877153873443604,0,-0.043207280337810516,0.5918136239051819,0.8049162030220032,0,-0.027118725702166557,-0.8060663342475891,0.5912035703659058,0,0,5.087769031524658,0,1,0.9814929962158203,-0.01485934667289257,0.1909201443195343,0,-0.1128203347325325,0.7607198357582092,0.6392000913619995,0,-0.15473487973213196,-0.6489101648330688,0.7449648976325989,0,0,1.9792859554290771,0,1,-0.9859451651573181,-0.040846988558769226,-0.16199667751789093,0,0.03179005905985832,-0.9978041052818298,0.05811253935098648,0,-0.1640147566795349,0.05214591696858406,0.9850790500640869,0,-1.0144129991531372,-0.6594070196151733,-0.1146169975399971,1,0.9919390082359314,-0.03804890066385269,0.1208728551864624,0,0.06732416152954102,0.9663398861885071,-0.24830466508865356,0,-0.10735644400119781,0.2544404864311218,0.9611109495162964,0,0,5.200582981109619,0,1,0.9957730770111084,-0.06194207817316055,-0.06782101839780807,0,0.0851997509598732,0.3470470905303955,0.9339699745178223,0,-0.03431492671370506,-0.9357998371124268,0.3508574068546295,0,0,5.092588901519775,0,1,0.9813349843025208,0.012461117468774319,-0.19190116226673126,0,0.11263611912727356,0.7715688943862915,0.6260950565338135,0,0.1558668166399002,-0.636023998260498,0.7557640671730042,0,0,1.9834200143814087,0,1
K0.100,0.9996480345726013,-0.025761766359210014,0.006411015521734953,0,0.02530423179268837,0.9976679682731628,0.0633852556347847,0,-0.008028983138501644,-0.06320074200630188,0.9979690313339233,0,0.08059199899435043,11.894331932067871,-0.000027998219593428075,1,0.9983139634132385,0.04494199901819229,-0.03672435134649277,0,-0.047386009246110916,0.9965159893035889,-0.06863826513290405,0,0.03351164981722832,0.07026273012161255,0.9969650506973267,0,0,1.1871720552444458,-0.18419000506401062,1,0.999770998954773,-0.019911913201212883,0.0077968318946659565,0,0.019634084776043892,0.9992210268974304,0.034220948815345764,0,-0.008472169749438763,-0.03406005725264549,0.9993839859962463,0,0,1.4016029834747314,0,1,0.9997919797897339,-0.018807867541909218,0.007891906425356865,0,0.01853313483297825,0.9992649555206299,0.03354911506175995,0,-0.008517095819115639,-0.03339588642120361,0.9994060397148132,0,0,1.6018329858779907,0,1,0.9997950196266174,0.008603052236139774,-0.018314922228455544,0,-0.005904947407543659,0.989766001701355,0.1425761729478836,0,0.0193540770560503,-0.14243881404399872,0.9896140098571777,0,0,1.8020609617233276,0,1,0.9989209771156311,-0.03971099853515625,-0.024095242843031883,0,0.03828800469636917,0.9976460337638855,-0.056891974061727524,0,0.026297759264707565,0.05590802803635597,0.9980900287628174,0,0,0.876151978969574,0.3483310043811798,1,0.0679754987359047,0.006194914225488901,-0.9976679086685181,0,0.9127010107040405,-0.40424755215644836,0.05967613682150841,0,-0.40293508768081665,-0.9146288633346558,-0.03313293680548668,0,0.6684079766273499,1.4949359893798828,-0.03617100045084953,1,0.8469428420066833,0.23916803300380707,-0.4748544991016388,0,0.2702690064907074,0.575455367565155,0.7718847990036011,0,0.4578675329685211,-0.782080352306366,0.42273789644241333,0,0,1.5037169456481934,0,1,0.9835010170936584,0.18086890876293182,-0.0033846867736428976,0,-0.18089807033538818,0.9834129214286804,-0.013182099908590317,0,0.0009443131857551634,0.013576899655163288,0.9999070167541504,0,0,3.3016510009765625,0,1,0.6853662729263306,0.21326670050621033,-0.6962687969207764,0,-0.028286272659897804,0.9632279872894287,0.2671928107738495,0,0.7276492118835449,-0.16343016922473907,0.6661967635154724,0,0,2.7329390048980713,0,1,0.9302110075950623,0.34603604674339294,-0.12233451753854752,0,-0.3565579652786255,0.931039035320282,-0.0776648297905922,0,0.08702348172664642,0.11586417257785797,0.9894458651542664,0,-0.31367599964141846,0.46373501420021057,0,1,0.9972400665283203,-0.012020178139209747,-0.07326971739530563,0,0.017396822571754456,0.9971659183502197,0.07319116592407227,0,0.072182297706604,-0.07426381856203079,0.9946229457855225,0,-0.06563899666070938,0.4430510103702545,0,1,0.9703119993209839,-0.06118997186422348,-0.23399020731449127,0,0.003016035770997405,0.9704530239105225,-0.24127289652824402,0,0.24183981120586395,0.23340409994125366,0.9418260455131531,0,0.0031789999920874834,0.48552098870277405,0,1,0.9338091015815735,0.3573777675628662,0.016762804239988327,0,-0.3568642735481262,0.9270870089530945,0.1147088035941124,0,0.025453804060816765,-0.11309821158647537,0.9932579398155212,0,0,0.9771119952201843,0,1,0.999210000038147,0.038423147052526474,0.010196986608207226,0,-0.03964884951710701,0.9818140268325806,0.18565715849399567,0,-0.00287801306694746,-0.1859148144721985,0.9825620055198669,0,0.05210400000214577,0.5617660284042358,0,1,0.9802308678627014,0.1976282298564911,0.009525101631879807,0,-0.1959247589111328,0.9628170132637024,0.1860009729862213,0,0.027588102966547012,-0.1841900497674942,0.9825029373168945,0,-0.029978999868035316,0.5294229984283447,0,1,0.008419997990131378,-0.006830416154116392,0.9999409317970276,0,-0.918825626373291,-0.3946305513381958,0.005041285417973995,0,0.39457327127456665,-0.9188147783279419,-0.00959871243685484,0,-0.6684079766273499,1.4984140396118164,-0.058591000735759735,1,0.7624840140342712,-0.5760389566421509,0.2946150302886963,0,0.29410600662231445,0.7141669392585754,0.6351911425590515,0,-0.5762988924980164,-0.3976748287677765,0.7139571309089661,0,0,1.5037169456481934,0,1,0.8372008204460144,-0.5468301773071289,0.008388005197048187,0,0.5468078255653381,0.8366961479187012,-0.030668048188090324,0,0.009752005338668823,0.030261950567364693,0.9994940161705017,0,0,3.307734966278076,0,1,0.6780619025230408,-0.10914295166730881,0.726855993270874,0,-0.06944496184587479,0.9749759435653687,0.21118313074111938,0,-0.7317168712615967,-0.19367188215255737,0.6535152196884155,0,0,2.741194009780884,0,1,0.8885189890861511,-0.4145070016384125,0.1967701017856598,0,0.41740697622299194,0.9082720279693604,0.02851610817015171,0,-0.19054090976715088,0.056796107441186905,0.9800350069999695,0,0.31780698895454407,0.5204169750213623,0,1,0.9891129732131958,0.1432119905948639,0.033834055066108704,0,-0.14677301049232483,0.9766619801521301,0.15680600702762604,0,-0.010587947443127632,-0.16006501019001007,0.9870500564575195,0,0.08337199687957764,0.4806489944458008,0,1,0.9865830540657043,-0.1125628650188446,-0.11825188249349594,0,0.07724513113498688,0.959950864315033,-0.2693071961402893,0,0.14383012056350708,0.2565597593784332,0.9557670950889587,0,0.015426999889314175,0.47726699709892273,0,1,0.8916301131248474,-0.45099782943725586,-0.03994706645607948,0,0.45019519329071045,0.8737298846244812,0.18417608737945557,0,-0.048160068690776825,-0.18220092356204987,0.9820809960365295,0,0,1.004459023475647,0,1,0.9872130155563354,-0.1564422845840454,-0.030585577711462975,0,0.15891173481941223,0.9508089423179626,0.2659102976322174,0,-0.012518578208982944,-0.26737067103385925,0.963512122631073,0,-0.05621400102972984,0.588358998298645,0,1,0.9899259805679321,-0.14156797528266907,-0.002010080963373184,0,0.14078906178474426,0.9827800393104553,0.11967780441045761,0,-0.014967081137001514,-0.11875519901514053,0.9928109645843506,0,0.03230699896812439,0.5530980229377747,0,1,-0.9909250736236572,0.0077651790343225,0.13419212400913239,0,0.06397517770528793,-0.8507590889930725,0.5216468572616577,0,0.1182158961892128,0.52549809217453,0.8425419926643372,0,1.0144129991531372,-0.6594070196151733,-0.17839199304580688,1,0.9978160262107849,-0.02507578767836094,0.061106979846954346,0,0.03964521735906601,0.9673259854316711,-0.250416100025177,0,-0.052831020206213,0.2522919178009033,0.9662079811096191,0,0,5.199635982513428,0,1,0.9984279870986938,-0.024541841819882393,0.05039586126804352,0,-0.02582184411585331,0.596612274646759,0.8021138310432434,0,-0.049752138555049896,-0.8021541833877563,0.5950406789779663,0,0,5.087769031524658,0,1,0.981365978717804,-0.016229189932346344,0.1914631724357605,0,-0.11344818770885468,0.755277156829834,0.6455117464065552,0,-0.15508383512496948,-0.655204176902771,0.7393618822097778,0,0,1.9792859554290771,0,1,-0.9800859689712524,-0.041385114192962646,-0.19421082735061646,0,0.03683488070964813,-0.9989568591117859,0.026984041556715965,0,-0.19512514770030975,0.019292963668704033,0.980588972568512,0,-1.0144129991531372,-0.6594070196151733,-0.1146169975399971,1,0.9932349920272827,-0.01987185701727867,0.11440730094909668,0,0.05211714655160904,0.9567270278930664,-0.28628095984458923,0,-0.10376768559217453,0.29030701518058777,0.951291024684906,0,0,5.200582981109619,0,1,0.9970139861106873,-0.0740688219666481,-0.021826669573783875,0,0.042618174105882645,0.29212072491645813,0.9554309844970703,0,-0.06439166516065598,-0.9535088539123535,0.2944053113460541,0,0,5.092588901519775,0,1,0.9813199639320374,0.012624043971300125,-0.1919681578874588,0,0.11271004378795624,0.7709370255470276,0.6268590092658997,0,0.15590885281562805,-0.6367859840393066,0.7551130056381226,0,0,1.9834200143814087,0,1
