4.733,30,141,41
B0,mixamorig_Hips,-1,0.9999306201934814,-0.0006140710902400315,0.0117859011515975,0,0.001172321499325335,0.9988744258880615,-0.04740838706493378,0,-0.011743689887225628,0.04741906747221947,0.9988060593605042,0,0.02964615821838379,11.856473922729492,0.29484671354293823,1
B1,mixamorig_Spine,0,0.9998925924301147,-0.012902715243399143,0.006956290919333696,0,0.01375355664640665,0.9899545311927795,-0.14071688055992126,0,-0.005070508923381567,0.14079776406288147,0.990025520324707,0,0,1.243499994277954,-0.18979999423027039,1
B2,mixamorig_Spine1,1,0.999671995639801,-0.023264886811375618,0.010657143779098988,0,0.023041464388370514,0.9995214343070984,0.020639242604374886,0,-0.011131462641060352,-0.02038637362420559,0.9997299909591675,0,0,1.4675999879837036,0,1
B3,mixamorig_Spine2,2,0.999671995639801,-0.023265887051820755,0.010671313852071762,0,0.0230424627661705,0.9995214343070984,0.020629901438951492,0,-0.01114629302173853,-0.020377034321427345,0.9997299909591675,0,0,1.6771999597549438,0,1
B4,mixamorig_Neck,3,0.9981884360313416,0.05839904397726059,0.014458457008004189,0,-0.060090452432632446,0.9795204997062683,0.1921660453081131,0,-0.0029396088793873787,-0.1926867663860321,0.9812554717063904,0,0,1.8868999481201172,0,1
B5,mixamorig_Head,4,0.9977884292602539,0.05257076397538185,-0.04068446904420853,0,-0.05210335925221443,0.9985603094100952,0.012444490566849709,0,0.041280996054410934,-0.010297049768269062,0.9990905523300171,0,0,0.921999990940094,0.3714999854564667,1
B6,mixamorig_HeadTop_End,5,1,0,0,0,0,1,0,0,0,0,1,0,0,2.7967000007629395,1.1268999576568604,1
B7,mixamorig_LeftShoulder,3,-0.0020011882297694683,0.01685563661158085,-0.999856173992157,0,0.9251042604446411,-0.3796232342720032,-0.008251073770225048,0,-0.3797079920768738,-0.9249873757362366,-0.014833753928542137,0,0.6535999774932861,1.5856000185012817,-0.03500000014901161,1
B8,mixamorig_LeftArm,7,0.6150786876678467,0.6380166411399841,-0.4632619321346283,0,0.07131414115428925,0.5401242971420288,0.8385581374168396,0,0.7852338552474976,-0.5488163232803345,0.28671973943710327,0,0,1.433899998664856,0,1
B9,mixamorig_LeftForeArm,8,0.9717704057693481,0.23578934371471405,-0.007933047600090504,0,-0.23589399456977844,0.9716266393661499,-0.017106149345636368,0,0.0036741429939866066,0.018494386225938797,0.999822199344635,0,0,3.4209001064300537,0,1
B10,mixamorig_LeftHand,9,0.9265204668045044,-0.1448674499988556,-0.34722793102264404,0,0.11396577209234238,0.9875962138175964,-0.10793306678533554,0,0.35855284333229065,0.06043234467506409,0.9315464496612549,0,0,2.5490000247955322,0,1
B11,mixamorig_LeftHandThumb1,10,0.9538078308105469,0.299865186214447,0.018216999247670174,0,-0.29883918166160583,0.9532570242881775,-0.04467500001192093,0,-0.030760999768972397,0.03716700151562691,0.998835027217865,0,-0.3052999973297119,0.5015000104904175,0,1
B12,mixamorig_LeftHandThumb2,11,0.9649580121040344,-0.21807600557804108,0.14594200253486633,0,0.16585400700569153,0.9378640055656433,0.30480098724365234,0,-0.203343003988266,-0.26991501450538635,0.9411680102348328,0,-0.05590000003576279,0.46630001068115234,0,1
B13,mixamorig_LeftHandThumb3,12,0.9988750219345093,0.04655482992529869,0.009014000184834003,0,-0.046414829790592194,0.9988070130348206,-0.015155170112848282,0,-0.009708170779049397,0.014720170758664608,0.999845027923584,0,-0.008700000122189522,0.4968999922275543,0,1
B14,mixamorig_LeftHandThumb4,13,1,0,0,0,0,1,0,0,0,0,1,0,0.06459999829530716,0.44279998540878296,0,1
B15,mixamorig_LeftHandIndex1,10,0.9447889924049377,0.32750600576400757,0.010645999573171139,0,-0.3191930055618286,0.9124898314476013,0.2558879852294922,0,0.07408999651670456,-0.24515900015830994,0.9666479825973511,0,0,1.126099944114685,0,1
B16,mixamorig_LeftHandIndex2,15,0.9975069761276245,0.06745900213718414,0.020697999745607376,0,-0.07048282772302628,0.9665539860725403,0.24658900499343872,0,-0.0033710000570863485,-0.24743300676345825,0.9688990116119385,0,0.06019999831914902,0.5512999892234802,0,1
B17,mixamorig_LeftHandIndex3,16,0.9831569790840149,0.18268316984176636,0.005456000100821257,0,-0.17958100140094757,0.9600489735603333,0.21460899710655212,0,0.033966999500989914,-0.21197399497032166,0.9766849875450134,0,-0.02630000002682209,0.4993000030517578,0,1
B18,mixamorig_LeftHandIndex4,17,1,0,0,0,0,1,0,0,0,0,1,0,-0.033900000154972076,0.5012000203132629,0,1
B19,mixamorig_RightShoulder,3,-0.167720764875412,-0.0010822026524692774,0.9858338236808777,0,-0.9212251901626587,-0.35588860511779785,-0.15711981058120728,0,0.35101738572120667,-0.9345278143882751,0.05869341641664505,0,-0.6535999774932861,1.5888999700546265,-0.05640000104904175,1
B20,mixamorig_RightArm,19,0.8671488761901855,-0.4367589056491852,0.23506300151348114,0,0.14682075381278992,0.6798847317695618,0.7178820967674255,0,-0.47328659892082214,-0.5889422297477722,0.6534634232521057,0,0,1.433899998664856,0,1
B21,mixamorig_RightForeArm,20,0.7525563836097717,-0.6572415828704834,0.020373588427901268,0,0.6575235724449158,0.7518453598022461,-0.03331693261861801,0,0.0066443635150790215,0.03846883401274681,0.9992353320121765,0,0,3.4258999824523926,0,1
B22,mixamorig_RightHand,21,0.9621307253837585,0.24662716686725616,0.11022518575191498,0,-0.20154008269309998,0.928494930267334,-0.30818066000938416,0,-0.17929667234420776,0.2735956609249115,0.9436982870101929,0,0,2.5566999912261963,0,1
B23,mixamorig_RightHandThumb1,22,0.955258846282959,-0.29527100920677185,-0.017205169424414635,0,0.2920910120010376,0.9509209990501404,-0.10214199870824814,0,0.0465201698243618,0.09254682809114456,0.9946209788322449,0,0.32109999656677246,0.5680999755859375,0,1
B24,mixamorig_RightHandThumb2,23,0.9854679703712463,0.1686909943819046,-0.01992783136665821,0,-0.1622440069913864,0.9695050120353699,0.1836741715669632,0,0.050303999334573746,-0.17777200043201447,0.9827849864959717,0,0.07090000063180923,0.5171999931335449,0,1
B25,mixamorig_RightHandThumb3,24,0.9979439973831177,-0.06255017220973969,-0.013953999616205692,0,0.0623910017311573,0.9979850053787231,-0.011587170884013176,0,0.014650999568402767,0.010692999698221684,0.9998350143432617,0,0.002099999925121665,0.48890000581741333,0,1
B26,mixamorig_RightHandThumb4,25,1,0,0,0,0,1,0,0,0,0,1,0,-0.0729999989271164,0.3986999988555908,0,1
B27,mixamorig_RightHandIndex1,22,0.9647074937820435,-0.26027658581733704,0.0399286188185215,0,0.25237464904785156,0.9571779370307922,0.14182902872562408,0,-0.07513470202684402,-0.1267465054988861,0.9890851974487305,0,0,1.1476999521255493,0,1
B28,mixamorig_RightHandIndex2,27,0.9957529306411743,0.09205666184425354,-0.0005070691695436835,0,-0.09124155342578888,0.9876378774642944,0.12745627760887146,0,0.012233573012053967,-0.1268690675497055,0.9918433427810669,0,-0.07559999823570251,0.5893999934196472,0,1
B29,mixamorig_RightHandIndex3,28,0.9925001263618469,-0.12208797037601471,-0.006140257231891155,0,0.12222931534051895,0.9904142618179321,0.06433801352977753,0,-0.001774183358065784,-0.0646062046289444,0.9979091286659241,0,0.05590000003576279,0.5479999780654907,0,1
B30,mixamorig_RightHandIndex4,29,1,0,0,0,0,1,0,0,0,0,1,0,0.019700000062584877,0.41749998927116394,0,1
B31,mixamorig_LeftUpLeg,0,-0.9980061054229736,-0.02147788740694523,0.059341318905353546,0,0.021915845572948456,-0.9997367262840271,0.0067390319891273975,0,0.05918104201555252,0.0080261817201972,0.9982145428657532,0,1.0032999515533447,-0.6909000277519226,-0.18359999358654022,1
B32,mixamorig_LeftLeg,31,0.9975413680076599,-0.030852584168314934,-0.06292198598384857,0,0.022085832431912422,0.9905240535736084,-0.1355450302362442,0,0.06650715321302414,0.13382145762443542,0.9887703657150269,0,0,5.205699920654297,0,1
B33,mixamorig_LeftFoot,32,0.9956970810890198,0.07228844612836838,0.05797377973794937,0,-0.08760532736778259,0.5304747819900513,0.8431615233421326,0,0.03019743226468563,-0.8446125984191895,0.5345257520675659,0,0,4.772900104522705,0,1
B34,mixamorig_LeftToeBase,33,0.9832600355148315,-0.0014162808656692505,0.1822015643119812,0,-0.10503940284252167,0.8126800060272217,0.5731655359268188,0,-0.14888276159763336,-0.5827087163925171,0.7989262938499451,0,0,1.9780000448226929,0,1
B35,mixamorig_LeftToe_End,34,1,0,0,0,0,1,0,0,0,0,1,0,0,0.7515000104904175,0,1
B36,mixamorig_RightUpLeg,0,-0.9927752614021301,0.02144002728164196,-0.11805793642997742,0,-0.021821295842528343,-0.9997601509094238,0.0019402268808335066,0,-0.1179882362484932,0.004502904135733843,0.9930046796798706,0,-1.0032999515533447,-0.6909000277519226,-0.11180000007152557,1
B37,mixamorig_RightLeg,36,0.9976989030838013,0.0025126661639660597,0.06775826215744019,0,0.0072966646403074265,0.989531397819519,-0.1441311091184616,0,-0.06741201132535934,0.14429357647895813,0.9872357845306396,0,0,5.208700180053711,0,1
B38,mixamorig_RightFoot,37,0.9976954460144043,-0.0355268158018589,-0.057813435792922974,0,0.06785617768764496,0.5188873410224915,0.8521451950073242,0,-0.00027544383192434907,-0.8541039824485779,0.5201018452644348,0,0,4.774499893188477,0,1
B39,mixamorig_RightToeBase,38,0.9830449819564819,0.0005225104396231472,-0.1833641678094864,0,0.10536034405231476,0.8168239593505859,0.5671838521957397,0,0.15007217228412628,-0.5768867135047913,0.8029199838638306,0,0,1.9818999767303467,0,1
B40,mixamorig_RightToe_End,39,1,0,0,0,0,1,0,0,0,0,1,0,0,0.7491999864578247,0,1
@34,0,1,2,3,4,5,7,8,9,10,11,12,13,15,16,17,19,20,21,22,23,24,25,27,28,29,31,32,33,34,36,37,38,39
K0.000,0.9999650120735168,-0.0018019999843090773,-0.008186999708414078,0,0.0014059999957680702,0.9988420009613037,-0.04809800162911415,0,0.008263999596238136,0.04808500036597252,0.9988089799880981,0,0.005123999901115894,11.855472564697266,0.23701000213623047,1,0.9999279975891113,-0.011916999705135822,0.0014570000348612666,0,0.012004000134766102,0.990257978439331,-0.13872799277305603,0,0.00021100000594742596,0.13873599469661713,0.9903290271759033,0,0,1.243499994277954,-0.18979999423027039,1,0.9998130202293396,-0.019314000383019447,0.00015900000289548188,0,0.019303999841213226,0.9995129704475403,0.024501999840140343,0,-0.0006319999811239541,-0.024493999779224396,0.9997000098228455,0,0,1.4675999879837036,0,1,0.9998130202293396,-0.01931699924170971,0.00017699999443721026,0,0.019307000562548637,0.9995129704475403,0.02449999935925007,0,-0.0006500000017695129,-0.02449199929833412,0.9997000098228455,0,0,1.6771999597549438,0,1,0.9985389709472656,0.050843000411987305,0.018308000639081,0,-0.05331699922680855,0.9821410179138184,0.18043500185012817,0,-0.008806999772787094,-0.1811469942331314,0.9834169745445251,0,0,1.8868999481201172,0,1,0.9987459778785706,0.04555800184607506,-0.02073800005018711,0,-0.045892998576164246,0.9988179802894592,-0.016011999920010567,0,0.01998399943113327,0.016944000497460365,0.9996569752693176,0,0,0.921999990940094,0.3714999854564667,1,-0.007883000187575817,0.01788399927318096,-0.9998090267181396,0,0.925445020198822,-0.37862101197242737,-0.014069000259041786,0,-0.37880000472068787,-0.9253789782524109,-0.013566000387072563,0,0.6535999774932861,1.5856000185012817,-0.03500000014901161,1,0.6103240251541138,0.6481959819793701,-0.4553529918193817,0,0.06365799903869629,0.532837986946106,0.8438190221786499,0,0.7895900011062622,-0.5439900159835815,0.28394201397895813,0,0,1.433899998664856,0,1,0.9711369872093201,0.2383899986743927,-0.007978999987244606,0,-0.23849600553512573,0.9709889888763428,-0.017294999212026596,0,0.0036239998880773783,0.018698999658226967,0.9998189806938171,0,0,3.4209001064300537,0,1,0.9059799909591675,-0.19522100687026978,-0.37561699748039246,0,0.15540100634098053,0.9787399768829346,-0.13386300206184387,0,0.39376500248908997,0.06290599703788757,0.9170560240745544,0,0,2.5490000247955322,0,1,0.9538080096244812,0.2998659908771515,0.018216000869870186,0,-0.2988390028476715,0.9532570242881775,-0.04467500001192093,0,-0.030760999768972397,0.03716700151562691,0.998835027217865,0,-0.3052999973297119,0.5015000104904175,0,1,0.9649580121040344,-0.21807600557804108,0.14594200253486633,0,0.16585400700569153,0.9378640055656433,0.3048020005226135,0,-0.203343003988266,-0.26991599798202515,0.9411680102348328,0,-0.05590000003576279,0.46630001068115234,0,1,0.9988750219345093,0.046553999185562134,0.009014000184834003,0,-0.04641399905085564,0.9988070130348206,-0.015155999921262264,0,-0.009708999656140804,0.014720999635756016,0.999845027923584,0,-0.008700000122189522,0.4968999922275543,0,1,0.9447889924049377,0.32750600576400757,0.010645999573171139,0,-0.3191930055618286,0.9124889969825745,0.2558879852294922,0,0.07408999651670456,-0.24515900015830994,0.9666479825973511,0,0,1.126099944114685,0,1,0.9975069761276245,0.06745900213718414,0.020697999745607376,0,-0.07048299908638,0.9665539860725403,0.24658900499343872,0,-0.0033710000570863485,-0.24743300676345825,0.9688990116119385,0,0.06019999831914902,0.5512999892234802,0,1,0.9831569790840149,0.1826840043067932,0.005456000100821257,0,-0.17958100140094757,0.9600489735603333,0.21460899710655212,0,0.033966999500989914,-0.21197399497032166,0.9766849875450134,0,-0.02630000002682209,0.4993000030517578,0,1,-0.16678400337696075,-0.0010270000202581286,0.9859930276870728,0,-0.9213269948959351,-0.35602399706840515,-0.15621599555015564,0,0.3511979877948761,-0.9344760179519653,0.05843299999833107,0,-0.6535999774932861,1.5888999700546265,-0.05640000104904175,1,0.3928520083427429,-0.7619659900665283,0.5148550271987915,0,-0.022561000660061836,0.5517129898071289,0.8337290287017822,0,-0.9193249940872192,-0.33914700150489807,0.19955100119113922,0,0,1.433899998664856,0,1,0.9336519837379456,-0.35800701379776,0.011196999810636044,0,0.35815998911857605,0.9334840178489685,-0.018147999420762062,0,-0.003955000080168247,0.020955000072717667,0.9997730255126953,0,0,3.4258999824523926,0,1,0.9533640146255493,0.11071500182151794,0.280784010887146,0,-0.07521700114011765,0.9880920052528381,-0.13422299921512604,0,-0.2923009991645813,0.10684400051832199,0.9503390192985535,0,0,2.5566999912261963,0,1,0.9552580118179321,-0.29527100920677185,-0.017204999923706055,0,0.2920910120010376,0.9509209990501404,-0.10214199870824814,0,0.04651999846100807,0.0925460010766983,0.9946209788322449,0,0.32109999656677246,0.5680999755859375,0,1,0.9854679703712463,0.1686909943819046,-0.01992800086736679,0,-0.1622440069913864,0.9695050120353699,0.18367500603199005,0,0.050303999334573746,-0.17777200043201447,0.9827849864959717,0,0.07090000063180923,0.5171999931335449,0,1,0.9979439973831177,-0.06255000084638596,-0.013953999616205692,0,0.0623910017311573,0.9979850053787231,-0.011587999761104584,0,0.014650000259280205,0.010692999698221684,0.9998350143432617,0,0.002099999925121665,0.48890000581741333,0,1,0.9651479721069336,-0.2585670053958893,0.040396999567747116,0,0.25075000524520874,0.957859992980957,0.14010199904441833,0,-0.07492099702358246,-0.12509000301361084,0.989313006401062,0,0,1.1476999521255493,0,1,0.995585024356842,0.09386300295591354,-0.0004490000137593597,0,-0.09306100010871887,0.9876829981803894,0.1257849931716919,0,0.012249999679625034,-0.12518799304962158,0.9920570254325867,0,-0.07559999823570251,0.5893999934196472,0,1,0.992609977722168,-0.12119700014591217,-0.00612299982458353,0,0.12134099751710892,0.9905779957771301,0.06349299848079681,0,-0.0016299999551847577,-0.06376700103282928,0.9979640245437622,0,0.05590000003576279,0.5479999780654907,0,1,-0.9988579750061035,-0.024001000449061394,0.04132299870252609,0,0.02466299943625927,-0.9995750188827515,0.015568999573588371,0,0.04093199968338013,0.01656999997794628,0.9990249872207642,0,1.0032999515533447,-0.6909000277519226,-0.18359999358654022,1,0.9971629977226257,-0.030257999897003174,-0.06891699880361557,0,0.020468000322580338,0.9901419878005981,-0.13856300711631775,0,0.07243099808692932,0.13675899803638458,0.9879530072212219,0,0,5.205699920654297,0,1,0.995963990688324,0.06879399716854095,0.05764099955558777,0,-0.08558300137519836,0.5345330238342285,0.8408030271530151,0,0.027031999081373215,-0.8423429727554321,0.5382639765739441,0,0,4.772900104522705,0,1,0.9832599759101868,-0.0014230000087991357,0.18220500648021698,0,-0.10504200309515,0.8126540184020996,0.5732010006904602,0,-0.14888499677181244,-0.5827440023422241,0.7989010214805603,0,0,1.9780000448226929,0,1,-0.9909470081329346,0.0163199994713068,-0.13325800001621246,0,-0.017299000173807144,-0.9998310208320618,0.006188000086694956,0,-0.13313500583171844,0.008437000215053558,0.9910619854927063,0,-1.0032999515533447,-0.6909000277519226,-0.11180000007152557,1,0.9979180097579956,-0.0015399999683722854,0.06448300182819366,0,0.011029000394046307,0.989067018032074,-0.1470550000667572,0,-0.06355100125074387,0.1474599987268448,0.9870240092277527,0,0,5.208700180053711,0,1,0.9977189898490906,-0.035218000411987305,-0.05758799985051155,0,0.06750299781560898,0.5201939940452576,0.8513759970664978,0,-0.00002700000004551839,-0.8533220291137695,0.5213850140571594,0,0,4.774499893188477,0,1,0.983027994632721,0.0007050000131130219,-0.18345600366592407,0,0.10543899983167648,0.8161619901657104,0.5681220293045044,0,0.1501310020685196,-0.5778229832649231,0.8022350072860718,0,0,1.9818999767303467,0,1
K0.033,0.9999690055847168,-0.0018190001137554646,-0.007673993241041899,0,0.001444000517949462,0.9988189935684204,-0.0485680028796196,0,0.007753992918878794,0.048555005341768265,0.9987900257110596,0,0.00541199604049325,11.855716705322266,0.2402130365371704,1,0.9999279975891113,-0.011908999644219875,0.0014479998499155045,0,0.011994999833405018,0.9902719855308533,-0.13862599432468414,0,0.00021700008073821664,0.13863399624824524,0.9903439879417419,0,0,1.243499994277954,-0.18979999423027039,1,0.9998130202293396,-0.01936200074851513,-0.00009400181443197653,0,0.01935799978673458,0.9995049834251404,0.02478400245308876,0,-0.00038599822437390685,-0.02478100173175335,0.999692976474762,0,0,1.4675999879837036,0,1,0.9998120069503784,-0.01936499960720539,-0.00007500181527575478,0,0.019361000508069992,0.9995049834251404,0.024782001972198486,0,-0.00040399821591563523,-0.024779001250863075,0.999692976474762,0,0,1.6771999597549438,0,1,0.9985219836235046,0.05114699900150299,0.01840200275182724,0,-0.05363300070166588,0.9821230173110962,0.1804410070180893,0,-0.008844001218676567,-0.18116100132465363,0.9834139943122864,0,0,1.8868999481201172,0,1,0.9987459778785706,0.04560599848628044,-0.020635997876524925,0,-0.04593599960207939,0.9988189935684204,-0.01581999473273754,0,0.01988999731838703,0.01674799434840679,0.9996619820594788,0,0,0.921999990940094,0.3714999854564667,1,-0.007266998291015625,0.01795100048184395,-0.9998120069503784,0,0.9254099726676941,-0.3787260055541992,-0.013525999151170254,0,-0.3788979947566986,-0.9253349900245667,-0.013860001228749752,0,0.6535999774932861,1.5856000185012817,-0.03500000014901161,1,0.6112269759178162,0.6474120020866394,-0.45525801181793213,0,0.06337599456310272,0.5333330035209656,0.8435279726982117,0,0.7889140248298645,-0.5444390177726746,0.28495699167251587,0,0,1.433899998664856,0,1,0.9709230065345764,0.23925800621509552,-0.007993999868631363,0,-0.23936499655246735,0.9707750082015991,-0.017357999458909035,0,0.003607999999076128,0.01876699924468994,0.9998170137405396,0,0,3.4209001064300537,0,1,0.9068639874458313,-0.19255298376083374,-0.3748619854450226,0,0.15351298451423645,0.9793350100517273,-0.13166998326778412,0,0.39246895909309387,0.06186099722981453,0.9176819920539856,0,0,2.5490000247955322,0,1,0.9538080096244812,0.2998650074005127,0.018216000869870186,0,-0.2988390028476715,0.9532570242881775,-0.04467500001192093,0,-0.030760999768972397,0.03716700151562691,0.998835027217865,0,-0.3052999973297119,0.5015000104904175,0,1,0.9649580121040344,-0.21807600557804108,0.14594200253486633,0,0.16585400700569153,0.9378640055656433,0.3048020005226135,0,-0.203343003988266,-0.26991599798202515,0.9411680102348328,0,-0.05590000003576279,0.46630001068115234,0,1,0.9988750219345093,0.046553999185562134,0.009014000184834003,0,-0.04641399905085564,0.9988070130348206,-0.015155999921262264,0,-0.009708999656140804,0.014720000326633453,0.999845027923584,0,-0.008700000122189522,0.4968999922275543,0,1,0.9447889924049377,0.32750600576400757,0.010645999573171139,0,-0.3191930055618286,0.9124900102615356,0.2558879852294922,0,0.07408999651670456,-0.24515900015830994,0.9666479825973511,0,0,1.126099944114685,0,1,0.9975069761276245,0.06745900213718414,0.02069699950516224,0,-0.07048200070858002,0.9665539860725403,0.24658900499343872,0,-0.003370000049471855,-0.24743300676345825,0.9688990116119385,0,0.06019999831914902,0.5512999892234802,0,1,0.9831569790840149,0.18268300592899323,0.005456000100821257,0,-0.17958100140094757,0.9600489735603333,0.21460799872875214,0,0.033966999500989914,-0.21197399497032166,0.9766849875450134,0,-0.02630000002682209,0.4993000030517578,0,1,-0.16727499663829803,-0.000897999678272754,0.9859099984169006,0,-0.9212740063667297,-0.35597801208496094,-0.15663300454616547,0,0.3511030077934265,-0.9344940185546875,0.0587179996073246,0,-0.6535999774932861,1.5888999700546265,-0.05640000104904175,1,0.39130398631095886,-0.7626850008964539,0.514968991279602,0,-0.022119995206594467,0.5516330003738403,0.8337939977645874,0,-0.9199960231781006,-0.33765798807144165,0.1989849954843521,0,0,1.433899998664856,0,1,0.9337369799613953,-0.3577840030193329,0.01119299978017807,0,0.3579370081424713,0.9335700273513794,-0.018137000501155853,0,-0.00395999988541007,0.020942000672221184,0.9997730255126953,0,0,3.4258999824523926,0,1,0.9535290002822876,0.11170900613069534,0.2798280119895935,0,-0.07622100412845612,0.9879549741744995,-0.13467000424861908,0,-0.2915019989013672,0.10708300024271011,0.9505580067634583,0,0,2.5566999912261963,0,1,0.9552580118179321,-0.29527100920677185,-0.017204999923706055,0,0.2920910120010376,0.9509209990501404,-0.10214199870824814,0,0.04651999846100807,0.0925460010766983,0.9946209788322449,0,0.32109999656677246,0.5680999755859375,0,1,0.9854679703712463,0.1686909943819046,-0.01992800086736679,0,-0.1622440069913864,0.9695050120353699,0.18367500603199005,0,0.050303999334573746,-0.17777200043201447,0.9827849864959717,0,0.07090000063180923,0.5171999931335449,0,1,0.9979439973831177,-0.06255099922418594,-0.013953999616205692,0,0.0623910017311573,0.9979850053787231,-0.011587999761104584,0,0.014650999568402767,0.010692999698221684,0.9998350143432617,0,0.002099999925121665,0.48890000581741333,0,1,0.9651479721069336,-0.2585670053958893,0.040396999567747116,0,0.25075000524520874,0.957859992980957,0.14010199904441833,0,-0.07491999864578247,-0.12509000301361084,0.989313006401062,0,0,1.1476999521255493,0,1,0.995585024356842,0.09386300295591354,-0.0004490000137593597,0,-0.09306100010871887,0.9876829981803894,0.1257849931716919,0,0.012249999679625034,-0.12518799304962158,0.9920570254325867,0,-0.07559999823570251,0.5893999934196472,0,1,0.992609977722168,-0.12119700014591217,-0.00612299982458353,0,0.12134099751710892,0.9905779957771301,0.06349299848079681,0,-0.0016299999551847577,-0.06376700103282928,0.997963011264801,0,0.05590000003576279,0.5479999780654907,0,1,-0.9988369941711426,-0.023943999782204628,0.04185100272297859,0,0.024570999667048454,-0.9995920062065125,0.014534993097186089,0,0.041485004127025604,0.015545993112027645,0.9990180134773254,0,1.0032999515533447,-0.6909000277519226,-0.18359999358654022,1,0.9971659779548645,-0.03002999909222126,-0.06897298991680145,0,0.020258000120520592,0.9901909828186035,-0.1382409930229187,0,0.07244699448347092,0.13645200431346893,0.9879940152168274,0,0,5.205699920654297,0,1,0.9959679841995239,0.06874000281095505,0.05764700099825859,0,-0.08555400371551514,0.5343819856643677,0.8409019708633423,0,0.026998000219464302,-0.8424429893493652,0.5381079912185669,0,0,4.772900104522705,0,1,0.9832599759101868,-0.001417999854311347,0.1822029948234558,0,-0.10503999888896942,0.8126729726791382,0.5731750130653381,0,-0.14888399839401245,-0.5827190279960632,0.7989190220832825,0,0,1.9780000448226929,0,1,-0.9910140037536621,0.016513999551534653,-0.13273799419403076,0,-0.01733499951660633,-0.9998369812965393,0.00503099150955677,0,-0.1326339989900589,0.007286991458386183,0.9911379814147949,0,-1.0032999515533447,-0.6909000277519226,-0.11180000007152557,1,0.9979159832000732,-0.0013779998989775777,0.064519003033638,0,0.010821999981999397,0.9891859889030457,-0.14626599848270416,0,-0.06361900269985199,0.1466590017080307,0.9871389865875244,0,0,5.208700180053711,0,1,0.997717022895813,-0.03527100011706352,-0.05758599936962128,0,0.06752900034189224,0.5202940106391907,0.8513129949569702,0,-0.0000650003130431287,-0.8532590270042419,0.5214880108833313,0,0,4.774499893188477,0,1,0.983027994632721,0.0007019999902695417,-0.18345500528812408,0,0.1054380014538765,0.8161730170249939,0.5681059956550598,0,0.1501300036907196,-0.5778080224990845,0.8022459745407104,0,0,1.9818999767303467,0,1
K0.067,0.9999740123748779,-0.0018319998634979129,-0.006990007124841213,0,0.0014869995648041368,0.9987969994544983,-0.04901999607682228,0,0.007071007043123245,0.049007996916770935,0.9987729787826538,0,0.005014003720134497,11.85580062866211,0.2431749701499939,1,0.9999279975891113,-0.011874999850988388,0.0014330000849440694,0,0.011958999559283257,0.9902899861335754,-0.138497993350029,0,0.00022599991643801332,0.1385049968957901,0.9903619885444641,0,0,1.243499994277954,-0.18979999423027039,1,0.999813973903656,-0.01927500031888485,-0.00027499819407239556,0,0.019276000559329987,0.9995009899139404,0.025036998093128204,0,-0.00020800177298951894,-0.02503799833357334,0.9996860027313232,0,0,1.4675999879837036,0,1,0.999813973903656,-0.01927799917757511,-0.0002559981949161738,0,0.01927799917757511,0.9995009899139404,0.02503499761223793,0,-0.00022700175759382546,-0.02503499761223793,0.9996870160102844,0,0,1.6771999597549438,0,1,0.9985150098800659,0.051242001354694366,0.018498998135328293,0,-0.05374300107359886,0.9821209907531738,0.18041400611400604,0,-0.008923999033868313,-0.1811400055885315,0.9834169745445251,0,0,1.8868999481201172,0,1,0.9987480044364929,0.04564499855041504,-0.02047000266611576,0,-0.04596300050616264,0.9988250136375427,-0.015330004505813122,0,0.019746001809835434,0.016252005472779274,0.9996730089187622,0,0,0.921999990940094,0.3714999854564667,1,-0.007092001847922802,0.018015999346971512,-0.9998130202293396,0,0.9253969788551331,-0.37876200675964355,-0.013389000669121742,0,-0.37893199920654297,-0.9253190159797668,-0.013985998928546906,0,0.6535999774932861,1.5856000185012817,-0.03500000014901161,1,0.6114969849586487,0.6475570201873779,-0.45468801259994507,0,0.06281300634145737,0.5331060290336609,0.8437129855155945,0,0.7887489795684814,-0.5444890260696411,0.285317987203598,0,0,1.433899998664856,0,1,0.9708589911460876,0.23951999843120575,-0.007999000139534473,0,-0.23962600529193878,0.9707099795341492,-0.01737700030207634,0,0.003602999961003661,0.018787000328302383,0.9998170137405396,0,0,3.4209001064300537,0,1,0.9077529907226562,-0.19077901542186737,-0.37361299991607666,0,0.15230001509189606,0.9797160029411316,-0.13023701310157776,0,0.3908820152282715,0.06132200360298157,0.91839599609375,0,0,2.5490000247955322,0,1,0.9538080096244812,0.2998650074005127,0.018216000869870186,0,-0.2988390028476715,0.9532570242881775,-0.04467500001192093,0,-0.030760999768972397,0.03716700151562691,0.998835027217865,0,-0.3052999973297119,0.5015000104904175,0,1,0.9649580121040344,-0.21807600557804108,0.14594200253486633,0,0.16585400700569153,0.9378640055656433,0.30480098724365234,0,-0.203343003988266,-0.26991501450538635,0.9411680102348328,0,-0.05590000003576279,0.46630001068115234,0,1,0.9988750219345093,0.046553999185562134,0.009014000184834003,0,-0.04641399905085564,0.9988070130348206,-0.015155999921262264,0,-0.009708999656140804,0.014720999635756016,0.999845027923584,0,-0.008700000122189522,0.4968999922275543,0,1,0.9447889924049377,0.32750600576400757,0.010645999573171139,0,-0.3191930055618286,0.9124889969825745,0.2558879852294922,0,0.07408999651670456,-0.24515900015830994,0.9666479825973511,0,0,1.126099944114685,0,1,0.9975069761276245,0.06745900213718414,0.020697999745607376,0,-0.07048200070858002,0.9665539860725403,0.24658900499343872,0,-0.0033710000570863485,-0.24743300676345825,0.9688990116119385,0,0.06019999831914902,0.5512999892234802,0,1,0.9831569790840149,0.18268300592899323,0.005456000100821257,0,-0.17958100140094757,0.9600489735603333,0.21460899710655212,0,0.033966999500989914,-0.21197399497032166,0.9766849875450134,0,-0.02630000002682209,0.4993000030517578,0,1,-0.1674250066280365,-0.0008630003430880606,0.9858850240707397,0,-0.9212579727172852,-0.3559640049934387,-0.15676100552082062,0,0.3510740101337433,-0.9344990253448486,0.05880200117826462,0,-0.6535999774932861,1.5888999700546265,-0.05640000104904175,1,0.39043501019477844,-0.7631319761276245,0.5149660110473633,0,-0.021649004891514778,0.5515980124473572,0.8338289856910706,0,-0.9203760027885437,-0.3367049992084503,0.19884300231933594,0,0,1.433899998664856,0,1,0.9338899850845337,-0.3573859930038452,0.011184999719262123,0,0.35753899812698364,0.9337220191955566,-0.01811699941754341,0,-0.003969000186771154,0.02091900072991848,0.9997730255126953,0,0,3.4258999824523926,0,1,0.9536769986152649,0.11254499107599258,0.2789880037307739,0,-0.07711999118328094,0.9878559708595276,-0.1348849982023239,0,-0.2907809913158417,0.10712099820375443,0.9507740139961243,0,0,2.5566999912261963,0,1,0.9552590250968933,-0.29527100920677185,-0.017204999923706055,0,0.2920910120010376,0.9509209990501404,-0.10214199870824814,0,0.04651999846100807,0.0925460010766983,0.9946209788322449,0,0.32109999656677246,0.5680999755859375,0,1,0.9854679703712463,0.1686909943819046,-0.01992800086736679,0,-0.1622440069913864,0.9695050120353699,0.18367500603199005,0,0.050303999334573746,-0.17777200043201447,0.9827849864959717,0,0.07090000063180923,0.5171999931335449,0,1,0.9979439973831177,-0.06255000084638596,-0.013953999616205692,0,0.0623910017311573,0.9979850053787231,-0.011587999761104584,0,0.014650000259280205,0.010692999698221684,0.9998350143432617,0,0.002099999925121665,0.48890000581741333,0,1,0.9651479721069336,-0.2585670053958893,0.040396999567747116,0,0.25075000524520874,0.957859992980957,0.14010199904441833,0,-0.07491999864578247,-0.12509000301361084,0.989313006401062,0,0,1.1476999521255493,0,1,0.995585024356842,0.09386199712753296,-0.0004490000137593597,0,-0.09306100010871887,0.9876829981803894,0.1257849931716919,0,0.012249999679625034,-0.12518799304962158,0.9920570254325867,0,-0.07559999823570251,0.5893999934196472,0,1,0.992609977722168,-0.12119700014591217,-0.00612299982458353,0,0.12134099751710892,0.9905779957771301,0.06349299848079681,0,-0.0016299999551847577,-0.06376700103282928,0.997963011264801,0,0.05590000003576279,0.5479999780654907,0,1,-0.9988200068473816,-0.024011999368667603,0.04222199693322182,0,0.024617999792099,-0.9995999932289124,0.01389100681990385,0,0.04187099635601044,0.014914006926119328,0.9990119934082031,0,1.0032999515533447,-0.6909000277519226,-0.18359999358654022,1,0.99720698595047,-0.02998499944806099,-0.0684100091457367,0,0.020260000601410866,0.9901319742202759,-0.13866199553012848,0,0.07189300656318665,0.1368889957666397,0.9879739880561829,0,0,5.205699920654297,0,1,0.9959679841995239,0.06871200352907181,0.057673998177051544,0,-0.085548996925354,0.5339850187301636,0.8411549925804138,0,0.027000999078154564,-0.842697024345398,0.5377100110054016,0,0,4.772900104522705,0,1,0.983260989189148,-0.001403000089339912,0.18219499289989471,0,-0.10503300279378891,0.812729001045227,0.5730969905853271,0,-0.1488790065050125,-0.5826410055160522,0.7989770174026489,0,0,1.9780000448226929,0,1,-0.9910640120506287,0.01653599925339222,-0.1323550045490265,0,-0.017242999747395515,-0.9998430013656616,0.004197008442133665,0,-0.13226400315761566,0.006442008540034294,0.9911940097808838,0,-1.0032999515533447,-0.6909000277519226,-0.11180000007152557,1,0.9979010224342346,-0.0013620001263916492,0.06474599987268448,0,0.010821999981999397,0.9892280101776123,-0.1459829956293106,0,-0.06384900212287903,0.14637799561023712,0.9871659874916077,0,0,5.208700180053711,0,1,0.9977160096168518,-0.0353039987385273,-0.05759600177407265,0,0.0675550028681755,0.5201969742774963,0.8513699769973755,0,-0.00009599969780538231,-0.8533160090446472,0.5213930010795593,0,0,4.774499893188477,0,1,0.983027994632721,0.0007019999902695417,-0.1834540069103241,0,0.1054380014538765,0.8161749839782715,0.5681040287017822,0,0.15012900531291962,-0.5778049826622009,0.802249014377594,0,0,1.9818999767303467,0,1
K0.100,0.9999780058860779,-0.0018289999570697546,-0.006390000227838755,0,0.0015140000032261014,0.9987990260124207,-0.048976998776197433,0,0.006471999920904636,0.04896700009703636,0.9987789988517761,0,0.00482900021597743,11.855850219726562,0.2453400045633316,1,0.9999309778213501,-0.011652999557554722,0.0014090000186115503,0,0.011735999956727028,0.9902989864349365,-0.13845500349998474,0,0.00021800000104121864,0.13846200704574585,0.9903680086135864,0,0,1.243499994277954,-0.18979999423027039,1,0.9998210072517395,-0.018900999799370766,-0.00016999999934341758,0,0.01889999955892563,0.9995049834251404,0.025154000148177147,0,-0.0003060000017285347,-0.02515299990773201,0.9996839761734009,0,0,1.4675999879837036,0,1,0.9998210072517395,-0.018904000520706177,-0.00015100000018719584,0,0.018902000039815903,0.9995049834251404,0.025151999667286873,0,-0.0003239999932702631,-0.0251499991863966,0.9996839761734009,0,0,1.6771999597549438,0,1,0.9985479712486267,0.05070199817419052,0.018191000446677208,0,-0.05315399914979935,0.9821900129318237,0.18021200597286224,0,-0.008729999884963036,-0.18091799318790436,0.983460009098053,0,0,1.8868999481201172,0,1,0.9987599849700928,0.04533199965953827,-0.02059599943459034,0,-0.04563099890947342,0.9988560080528259,-0.014314999803900719,0,0.019922999665141106,0.015236999839544296,0.9996849894523621,0,0,0.921999990940094,0.3714999854564667,1,-0.007048000115901232,0.018061000853776932,-0.9998120069503784,0,0.925400972366333,-0.37875500321388245,-0.013364999555051327,0,-0.37892499566078186,-0.9253209829330444,-0.014043999835848808,0,0.6535999774932861,1.5856000185012817,-0.03500000014901161,1,0.611515998840332,0.6481919884681702,-0.4537560045719147,0,0.06198599934577942,0.5324720144271851,0.8441749811172485,0,0.7888000011444092,-0.5443530082702637,0.2854360044002533,0,0,1.433899998664856,0,1,0.9709770083427429,0.23904000222682953,-0.00798999983817339,0,-0.23914699256420135,0.9708290100097656,-0.01734199933707714,0,0.0036120000295341015,0.01875000074505806,0.9998180270195007,0,0,3.4209001064300537,0,1,0.9090499877929688,-0.1888969987630844,-0.3714100122451782,0,0.15084800124168396,0.9800710082054138,-0.12924900650978088,0,0.38842299580574036,0.06146800145506859,0.9194290041923523,0,0,2.5490000247955322,0,1,0.9538080096244812,0.2998650074005127,0.018216000869870186,0,-0.2988390028476715,0.9532570242881775,-0.04467500001192093,0,-0.030760999768972397,0.03716700151562691,0.998835027217865,0,-0.3052999973297119,0.5015000104904175,0,1,0.9649580121040344,-0.21807600557804108,0.14594100415706635,0,0.16585400700569153,0.9378640055656433,0.30480098724365234,0,-0.203343003988266,-0.26991599798202515,0.9411680102348328,0,-0.05590000003576279,0.46630001068115234,0,1,0.9988750219345093,0.046553999185562134,0.009014000184834003,0,-0.04641500115394592,0.9988070130348206,-0.015155999921262264,0,-0.009708999656140804,0.014720000326633453,0.999845027923584,0,-0.008700000122189522,0.4968999922275543,0,1,0.9447889924049377,0.32750600576400757,0.010645999573171139,0,-0.3191930055618286,0.9124889969825745,0.2558879852294922,0,0.07408999651670456,-0.24515900015830994,0.9666479825973511,0,0,1.126099944114685,0,1,0.9975069761276245,0.06745900213718414,0.02069699950516224,0,-0.07048200070858002,0.9665539860725403,0.24658900499343872,0,-0.0033710000570863485,-0.24743300676345825,0.9688990116119385,0,0.06019999831914902,0.5512999892234802,0,1,0.9831569790840149,0.1826840043067932,0.005456000100821257,0,-0.17958100140094757,0.9600489735603333,0.21460799872875214,0,0.033966999500989914,-0.21197399497032166,0.9766849875450134,0,-0.02630000002682209,0.4993000030517578,0,1,-0.16673900187015533,-0.001057000015862286,0.9860010147094727,0,-0.9213320016860962,-0.35602501034736633,-0.15618400275707245,0,0.3512060046195984,-0.9344760179519653,0.058389000594615936,0,-0.6535999774932861,1.5888999700546265,-0.05640000104904175,1,0.39034000039100647,-0.7632550001144409,0.5148569941520691,0,-0.02068999968469143,0.5518059730529785,0.8337159752845764,0,-0.9204379916191101,-0.3360849916934967,0.1995999962091446,0,0,1.433899998664856,0,1,0.9343249797821045,-0.3562470078468323,0.011163000017404556,0,0.3564000129699707,0.934158980846405,-0.018059000372886658,0,-0.003994000144302845,0.020851999521255493,0.9997749924659729,0,0,3.4258999824523926,0,1,0.9536949992179871,0.1121629998087883,0.27908098697662354,0,-0.07656700164079666,0.9878330230712891,-0.13536499440670013,0,-0.29086801409721375,0.10772799700498581,0.9506790041923523,0,0,2.5566999912261963,0,1,0.9552580118179321,-0.29527100920677185,-0.017204999923706055,0,0.2920910120010376,0.9509209990501404,-0.10214199870824814,0,0.04651999846100807,0.0925460010766983,0.9946209788322449,0,0.32109999656677246,0.5680999755859375,0,1,0.9854679703712463,0.16868999600410461,-0.01992800086736679,0,-0.1622440069913864,0.9695050120353699,0.18367500603199005,0,0.050303999334573746,-0.17777200043201447,0.9827849864959717,0,0.07090000063180923,0.5171999931335449,0,1,0.9979439973831177,-0.06255000084638596,-0.013953999616205692,0,0.0623910017311573,0.9979850053787231,-0.011587999761104584,0,0.014650999568402767,0.010692999698221684,0.9998350143432617,0,0.002099999925121665,0.48890000581741333,0,1,0.9651479721069336,-0.2585670053958893,0.040396999567747116,0,0.25075000524520874,0.957859992980957,0.14010199904441833,0,-0.07491999864578247,-0.12509000301361084,0.989313006401062,0,0,1.1476999521255493,0,1,0.995585024356842,0.09386199712753296,-0.0004490000137593597,0,-0.09306100010871887,0.9876829981803894,0.1257849931716919,0,0.012249999679625034,-0.12518799304962158,0.9920570254325867,0,-0.07559999823570251,0.5893999934196472,0,1,0.992609977722168,-0.12119700014591217,-0.00612299982458353,0,0.12134099751710892,0.9905779957771301,0.06349299848079681,0,-0.0016299999551847577,-0.06376700103282928,0.9979640245437622,0,0.05590000003576279,0.5479999780654907,0,1,-0.9988240003585815,-0.02392899990081787,0.042167000472545624,0,0.024529000744223595,-0.9996039867401123,0.013772999867796898,0,0.04182000085711479,0.014791999943554401,0.9990159869194031,0,1.0032999515533447,-0.6909000277519226,-0.18359999358654022,1,0.9972929954528809,-0.029746999964118004,-0.06724700331687927,0,0.02016800083220005,0.990103006362915,-0.13888700306415558,0,0.07071299850940704,0.1371539980173111,0.9880220293998718,0,0,5.205699920654297,0,1,0.9959800243377686,0.06853999942541122,0.05767599865794182,0,-0.08545000106096268,0.5337380170822144,0.8413220047950745,0,0.02687999978661537,-0.8428679704666138,0.5374490022659302,0,0,4.772900104522705,0,1,0.9832630157470703,-0.001382000045850873,0.18218499422073364,0,-0.10502500087022781,0.8128039836883545,0.5729920268058777,0,-0.1488720029592514,-0.582535982131958,0.7990549802780151,0,0,1.9780000448226929,0,1,-0.9909980297088623,0.016481999307870865,-0.13286100327968597,0,-0.01716800034046173,-0.999845027923584,0.004015000071376562,0,-0.1327739953994751,0.006260000169277191,0.9911270141601562,0,-1.0032999515533447,-0.6909000277519226,-0.11180000007152557,1,0.9978340268135071,-0.0014029999729245901,0.06576800346374512,0,0.010999999940395355,0.9892529845237732,-0.145796999335289,0,-0.06485600024461746,0.14620499312877655,0.9871259927749634,0,0,5.208700180053711,0,1,0.9977149963378906,-0.035298001021146774,-0.05760300159454346,0,0.06755799800157547,0.520143985748291,0.8514019846916199,0,-0.00009100000170292333,-0.853348970413208,0.5213410258293152,0,0,4.774499893188477,0,1,0.983027994632721,0.0006970000104047358,-0.18345199525356293,0,0.10543599724769592,0.8161919713020325,0.5680800080299377,0,0.15012800693511963,-0.5777810215950012,0.802266001701355,0,0,1.9818999767303467,0,1
